Time_ms,Distance_mm,VA0_V,VA1_V
9,0,2.830,2.605
12,0,2.498,2.488
13,0,2.488,2.483
15,0,2.493,2.488
16,0,2.488,2.483
17,0,2.488,2.483
18,0,2.493,2.488
20,0,2.493,2.483
21,0,2.498,2.493
22,0,2.498,2.493
24,0,2.502,2.498
25,0,2.502,2.493
26,0,2.502,2.498
27,0,2.502,2.498
32,0,2.493,2.488
34,0,2.488,2.483
35,0,2.493,2.483
36,0,2.488,2.483
37,0,2.488,2.483
39,0,2.488,2.483
40,0,2.493,2.493
41,0,2.498,2.488
42,0,2.498,2.493
45,0,2.502,2.498
46,0,2.502,2.498
47,0,2.502,2.498
48,0,2.502,2.498
56,56,2.488,2.483
57,56,2.488,2.483
59,56,2.488,2.483
60,56,2.488,2.488
61,56,2.493,2.493
63,56,2.493,2.493
64,56,2.502,2.498
65,56,2.502,2.498
66,56,2.502,2.498
68,56,2.498,2.498
69,56,2.502,2.498
70,56,2.498,2.493
72,56,2.498,2.493
73,56,2.488,2.483
78,55,2.493,2.488
79,55,2.493,2.483
81,55,2.498,2.493
82,55,2.493,2.493
83,55,2.502,2.498
84,55,2.498,2.493
86,55,2.502,2.493
88,55,2.502,2.498
89,55,2.498,2.498
91,55,2.498,2.493
92,55,2.493,2.493
93,55,2.488,2.488
94,55,2.488,2.483
102,62,2.498,2.493
104,62,2.507,2.498
105,62,2.498,2.493
106,62,2.502,2.502
108,62,2.507,2.493
109,62,2.498,2.498
110,62,2.493,2.493
112,62,2.498,2.493
113,62,2.493,2.483
114,62,2.493,2.483
116,62,2.488,2.483
117,62,2.488,2.483
122,62,2.498,2.493
123,62,2.502,2.498
125,62,2.498,2.498
126,62,2.507,2.502
127,62,2.498,2.498
130,62,2.502,2.498
131,62,2.493,2.493
132,62,2.498,2.493
134,62,2.493,2.483
135,62,2.488,2.488
136,62,2.488,2.483
138,62,2.488,2.483
139,62,2.493,2.488
140,62,2.488,2.488
148,63,2.502,2.498
149,63,2.502,2.498
151,63,2.498,2.493
152,63,2.498,2.493
153,63,2.483,2.483
155,63,2.493,2.488
156,63,2.488,2.483
157,63,2.488,2.483
159,63,2.488,2.483
160,63,2.493,2.488
161,63,2.498,2.493
163,63,2.502,2.493
168,62,2.502,2.498
169,62,2.498,2.498
170,62,2.498,2.493
173,62,2.498,2.488
174,62,2.488,2.483
175,62,2.488,2.483
177,62,2.483,2.483
178,62,2.488,2.483
191,62,2.498,2.493
195,62,2.493,2.488
196,62,2.483,2.483
197,62,2.488,2.483
199,62,2.493,2.488
203,62,2.502,2.498
204,62,2.498,2.493
205,62,2.502,2.498
207,62,2.502,2.498
208,62,2.498,2.493
213,63,2.488,2.488
214,63,2.493,2.488
217,63,2.488,2.483
218,63,2.488,2.488
219,63,2.493,2.488
221,63,2.493,2.493
222,63,2.493,2.488
223,63,2.502,2.498
225,63,2.498,2.493
226,63,2.502,2.498
227,63,2.502,2.498
229,63,2.498,2.498
230,63,2.502,2.493
231,63,2.498,2.493
236,60,2.488,2.483
238,60,2.488,2.483
239,60,2.488,2.488
240,60,2.498,2.488
242,60,2.498,2.493
243,60,2.498,2.498
244,60,2.498,2.498
248,60,2.502,2.498
250,60,2.493,2.493
251,60,2.493,2.493
252,60,2.488,2.483
259,63,2.488,2.488
260,63,2.493,2.483
261,63,2.498,2.493
263,63,2.498,2.488
264,63,2.502,2.498
265,63,2.498,2.493
267,63,2.502,2.498
268,63,2.502,2.498
269,63,2.498,2.498
271,63,2.498,2.493
272,63,2.498,2.488
273,63,2.493,2.483
275,63,2.493,2.488
276,63,2.483,2.483
281,64,2.498,2.488
282,64,2.498,2.493
284,64,2.502,2.498
285,64,2.502,2.498
286,64,2.502,2.498
288,64,2.498,2.498
289,64,2.502,2.498
290,64,2.498,2.493
294,64,2.493,2.488
296,64,2.488,2.483
297,64,2.493,2.483
298,64,2.488,2.483
304,58,2.502,2.498
306,58,2.502,2.498
307,58,2.502,2.498
308,58,2.498,2.493
310,58,2.498,2.493
311,58,2.493,2.488
312,58,2.493,2.488
314,58,2.488,2.483
315,58,2.488,2.488
316,58,2.488,2.483
318,58,2.493,2.488
319,58,2.493,2.488
320,58,2.493,2.493
325,59,2.502,2.502
327,59,2.502,2.498
328,59,2.502,2.498
329,59,2.498,2.498
331,59,2.493,2.493
332,59,2.493,2.488
333,59,2.488,2.483
335,59,2.488,2.483
339,59,2.493,2.483
340,59,2.493,2.493
342,59,2.498,2.493
344,59,2.502,2.498
349,63,2.498,2.498
350,63,2.498,2.493
352,63,2.498,2.493
353,63,2.493,2.488
354,63,2.488,2.488
356,63,2.483,2.483
357,63,2.493,2.483
358,63,2.488,2.483
360,63,2.488,2.483
361,63,2.498,2.493
362,63,2.498,2.493
364,63,2.502,2.493
365,63,2.502,2.498
366,63,2.502,2.498
379,62,2.493,2.488
383,62,2.507,2.498
384,62,2.502,2.498
387,62,2.502,2.498
388,62,2.502,2.498
389,62,2.502,2.498
394,64,2.488,2.488
396,64,2.483,2.483
400,64,2.493,2.483
401,64,2.493,2.488
402,64,2.498,2.493
404,64,2.502,2.498
405,64,2.502,2.493
406,64,2.502,2.498
408,64,2.502,2.498
409,64,2.498,2.498
410,64,2.498,2.493
412,64,2.498,2.493
417,63,2.493,2.488
418,63,2.493,2.488
419,63,2.493,2.493
421,63,2.493,2.493
422,63,2.498,2.493
423,63,2.498,2.498
425,63,2.502,2.498
426,63,2.502,2.498
427,63,2.502,2.498
430,63,2.502,2.498
431,63,2.498,2.488
432,63,2.493,2.488
434,63,2.488,2.488
439,59,2.493,2.488
440,59,2.493,2.488
444,59,2.498,2.493
446,59,2.502,2.498
447,59,2.498,2.498
448,59,2.502,2.493
450,59,2.498,2.498
451,59,2.493,2.493
452,59,2.493,2.488
454,59,2.493,2.488
455,59,2.488,2.483
456,59,2.488,2.483
461,61,2.493,2.488
463,61,2.502,2.493
464,61,2.498,2.493
465,61,2.502,2.498
467,61,2.502,2.498
468,61,2.502,2.498
469,61,2.498,2.498
472,61,2.498,2.493
473,61,2.493,2.488
474,61,2.488,2.483
476,61,2.493,2.483
477,61,2.488,2.488
478,61,2.488,2.488
480,61,2.488,2.483
485,62,2.502,2.493
486,62,2.502,2.498
490,62,2.493,2.488
491,62,2.493,2.488
493,62,2.488,2.488
494,62,2.493,2.488
495,62,2.488,2.483
497,62,2.488,2.483
498,62,2.488,2.483
499,62,2.488,2.488
501,62,2.493,2.493
502,62,2.498,2.493
507,63,2.502,2.498
508,63,2.502,2.498
510,63,2.498,2.493
511,63,2.493,2.493
512,63,2.488,2.483
515,63,2.493,2.488
516,63,2.483,2.483
517,63,2.488,2.483
519,63,2.493,2.488
520,63,2.493,2.483
521,63,2.493,2.488
523,63,2.498,2.498
524,63,2.502,2.498
529,62,2.502,2.498
530,62,2.493,2.493
532,62,2.498,2.493
536,62,2.488,2.483
537,62,2.488,2.483
539,62,2.488,2.483
540,62,2.493,2.488
541,62,2.498,2.493
543,62,2.498,2.498
544,62,2.498,2.493
545,62,2.502,2.502
547,62,2.502,2.498
552,61,2.493,2.488
553,61,2.488,2.483
554,61,2.488,2.483
557,61,2.483,2.483
558,61,2.488,2.483
559,61,2.488,2.488
568,61,2.502,2.493
576,62,2.488,2.483
577,62,2.488,2.483
579,62,2.488,2.483
580,62,2.493,2.488
581,62,2.498,2.493
583,62,2.502,2.498
584,62,2.498,2.493
585,62,2.502,2.498
587,62,2.502,2.498
591,62,2.493,2.493
592,62,2.493,2.488
597,58,2.493,2.488
598,58,2.493,2.483
601,58,2.493,2.493
602,58,2.498,2.488
603,58,2.502,2.498
605,58,2.498,2.498
606,58,2.502,2.498
607,58,2.502,2.498
609,58,2.498,2.498
610,58,2.498,2.498
611,58,2.493,2.493
613,58,2.493,2.488
614,58,2.493,2.488
615,58,2.483,2.483
620,62,2.493,2.493
622,62,2.498,2.493
623,62,2.502,2.498
624,62,2.498,2.498
626,62,2.502,2.498
627,62,2.502,2.498
628,62,2.502,2.498
630,62,2.498,2.493
631,62,2.498,2.493
632,62,2.488,2.483
636,62,2.488,2.483
642,62,2.498,2.493
644,62,2.502,2.498
645,62,2.498,2.498
647,62,2.502,2.498
648,62,2.502,2.498
649,62,2.502,2.498
651,62,2.498,2.493
652,62,2.498,2.493
653,62,2.488,2.483
655,62,2.493,2.488
656,62,2.483,2.483
657,62,2.488,2.483
659,62,2.488,2.483
660,62,2.493,2.483
665,60,2.507,2.498
666,60,2.502,2.498
668,60,2.502,2.498
669,60,2.498,2.498
670,60,2.498,2.493
672,60,2.493,2.493
673,60,2.488,2.483
674,60,2.493,2.488
676,60,2.483,2.483
677,60,2.493,2.488
681,60,2.498,2.493
682,60,2.502,2.498
688,64,2.502,2.498
690,64,2.502,2.498
691,64,2.493,2.488
692,64,2.493,2.488
694,64,2.488,2.488
695,64,2.488,2.483
696,64,2.493,2.483
698,64,2.488,2.483
699,64,2.488,2.483
700,64,2.493,2.488
702,64,2.493,2.493
703,64,2.498,2.498
704,64,2.498,2.493
706,64,2.502,2.498
711,63,2.498,2.493
712,63,2.493,2.488
713,63,2.488,2.483
715,63,2.488,2.483
716,63,2.488,2.483
717,63,2.488,2.488
719,63,2.488,2.488
720,63,2.498,2.493
721,63,2.493,2.488
723,63,2.502,2.498
728,63,2.502,2.498
733,61,2.493,2.488
734,61,2.493,2.488
736,61,2.488,2.483
737,61,2.488,2.488
738,61,2.488,2.483
740,61,2.493,2.483
741,61,2.493,2.488
742,61,2.493,2.493
744,61,2.502,2.498
745,61,2.502,2.498
746,61,2.502,2.498
748,61,2.502,2.493
760,62,2.493,2.488
764,62,2.498,2.498
765,62,2.502,2.498
767,62,2.502,2.498
768,62,2.502,2.498
770,62,2.498,2.493
772,62,2.493,2.493
773,62,2.488,2.488
778,63,2.488,2.488
780,63,2.493,2.488
781,63,2.493,2.493
782,63,2.498,2.493
784,63,2.502,2.498
795,63,2.488,2.483
801,59,2.493,2.493
802,59,2.498,2.493
803,59,2.502,2.498
805,59,2.502,2.498
806,59,2.498,2.498
807,59,2.502,2.498
809,59,2.502,2.498
810,59,2.498,2.493
811,59,2.498,2.493
814,59,2.488,2.488
815,59,2.493,2.483
816,59,2.488,2.483
818,59,2.493,2.483
819,59,2.488,2.483
824,61,2.498,2.498
825,61,2.502,2.502
827,61,2.493,2.498
828,61,2.498,2.498
829,61,2.502,2.498
831,61,2.493,2.493
832,61,2.493,2.488
833,61,2.488,2.488
835,61,2.488,2.483
836,61,2.488,2.483
840,61,2.493,2.493
845,61,2.502,2.502
846,61,2.502,2.498
848,61,2.498,2.498
849,61,2.498,2.493
850,61,2.493,2.493
852,61,2.493,2.493
853,61,2.488,2.483
854,61,2.483,2.483
857,61,2.488,2.483
858,61,2.493,2.488
859,61,2.488,2.483
861,61,2.498,2.488
862,61,2.493,2.493
863,61,2.502,2.498
868,61,2.502,2.498
870,61,2.498,2.493
871,61,2.493,2.493
872,61,2.493,2.488
874,61,2.493,2.483
875,61,2.488,2.483
876,61,2.488,2.488
878,61,2.493,2.483
879,61,2.493,2.483
880,61,2.498,2.493
882,61,2.498,2.493
886,61,2.502,2.498
891,60,2.498,2.493
892,60,2.493,2.483
894,60,2.493,2.488
895,60,2.488,2.478
896,60,2.493,2.483
899,60,2.493,2.488
900,60,2.493,2.488
901,60,2.498,2.493
903,60,2.498,2.498
904,60,2.498,2.498
905,60,2.502,2.498
907,60,2.502,2.498
908,60,2.498,2.493
909,60,2.498,2.498
914,63,2.493,2.493
916,63,2.488,2.483
917,63,2.488,2.483
918,63,2.488,2.483
920,63,2.493,2.493
921,63,2.493,2.493
922,63,2.502,2.493
924,63,2.498,2.493
925,63,2.502,2.498
926,63,2.502,2.498
930,63,2.498,2.493
935,63,2.483,2.483
937,63,2.488,2.488
938,63,2.493,2.488
939,63,2.493,2.493
942,63,2.498,2.493
943,63,2.502,2.498
944,63,2.498,2.493
946,63,2.507,2.498
947,63,2.498,2.498
948,63,2.498,2.498
961,64,2.498,2.493
965,64,2.502,2.498
966,64,2.502,2.502
968,64,2.502,2.493
969,64,2.498,2.498
970,64,2.498,2.493
972,64,2.493,2.488
973,64,2.493,2.483
974,64,2.493,2.483
976,64,2.483,2.483
981,62,2.498,2.493
982,62,2.498,2.498
984,62,2.498,2.498
986,62,2.507,2.498
987,62,2.502,2.498
991,62,2.493,2.493
992,62,2.493,2.488
994,62,2.493,2.488
995,62,2.488,2.483
996,62,2.488,2.488
998,62,2.493,2.488
999,62,2.493,2.488
1004,62,2.498,2.493
1006,62,2.502,2.498
1007,62,2.498,2.493
1008,62,2.498,2.498
1010,62,2.493,2.493
1011,62,2.493,2.488
1012,62,2.488,2.483
1014,62,2.493,2.488
1015,62,2.483,2.478
1016,62,2.488,2.483
1018,62,2.493,2.483
1019,62,2.493,2.493
1021,62,2.493,2.488
1027,61,2.502,2.498
1028,61,2.498,2.493
1029,61,2.502,2.498
1031,61,2.498,2.488
1032,61,2.493,2.488
1036,61,2.488,2.483
1038,61,2.493,2.488
1039,61,2.493,2.483
1040,61,2.493,2.493
1042,61,2.498,2.493
1043,61,2.502,2.498
1044,61,2.502,2.498
1050,63,2.498,2.493
1051,63,2.498,2.493
1052,63,2.493,2.483
1054,63,2.493,2.488
1055,63,2.483,2.483
1056,63,2.488,2.488
1058,63,2.488,2.483
1059,63,2.493,2.488
1061,63,2.498,2.493
1062,63,2.502,2.498
1063,63,2.498,2.498
1065,63,2.502,2.498
1066,63,2.498,2.498
1072,61,2.493,2.488
1073,61,2.493,2.483
1075,61,2.488,2.483
1076,61,2.488,2.483
1080,61,2.493,2.493
1082,61,2.498,2.493
1083,61,2.502,2.498
1084,61,2.502,2.498
1086,61,2.507,2.498
1087,61,2.502,2.498
1089,61,2.502,2.498
1090,61,2.493,2.488
1095,62,2.488,2.483
1096,62,2.493,2.483
1098,62,2.493,2.488
1099,62,2.493,2.488
1100,62,2.498,2.493
1102,62,2.498,2.498
1103,62,2.498,2.493
1105,62,2.507,2.498
1106,62,2.502,2.498
1107,62,2.502,2.498
1109,62,2.498,2.498
1110,62,2.493,2.493
1112,62,2.493,2.488
1118,61,2.493,2.488
1119,61,2.488,2.488
1120,61,2.498,2.488
1124,61,2.498,2.498
1126,61,2.502,2.498
1127,61,2.502,2.498
1129,61,2.502,2.498
1130,61,2.493,2.493
1131,61,2.493,2.493
1133,61,2.488,2.483
1134,61,2.493,2.488
1139,60,2.488,2.488
1140,60,2.493,2.488
1142,60,2.498,2.498
1143,60,2.498,2.493
1152,60,2.488,2.483
1157,60,2.488,2.483
1162,61,2.498,2.498
1164,61,2.498,2.498
1165,61,2.502,2.502
1166,61,2.498,2.502
1168,61,2.502,2.498
1169,61,2.502,2.493
1171,61,2.498,2.493
1172,61,2.493,2.488
1173,61,2.493,2.488
1175,61,2.483,2.483
1176,61,2.488,2.483
1180,61,2.493,2.493
1185,62,2.502,2.502
1187,62,2.502,2.498
1188,62,2.502,2.498
1189,62,2.498,2.493
1191,62,2.493,2.493
1192,62,2.488,2.483
1193,62,2.493,2.488
1195,62,2.488,2.483
1197,62,2.493,2.488
1199,62,2.488,2.483
1200,62,2.498,2.493
1201,62,2.493,2.488
1203,62,2.502,2.498
1208,62,2.502,2.498
1209,62,2.498,2.498
1210,62,2.498,2.493
1212,62,2.498,2.488
1213,62,2.488,2.483
1215,62,2.488,2.483
1216,62,2.493,2.483
1217,62,2.493,2.488
1219,62,2.488,2.488
1220,62,2.498,2.493
1224,62,2.498,2.498
1226,62,2.498,2.498
1231,65,2.498,2.493
1232,65,2.493,2.488
1233,65,2.493,2.488
1235,65,2.488,2.478
1236,65,2.488,2.483
1238,65,2.488,2.483
1240,65,2.493,2.493
1241,65,2.498,2.493
1243,65,2.502,2.498
1244,65,2.498,2.493
1245,65,2.502,2.498
1247,65,2.502,2.498
1248,65,2.502,2.498
1253,61,2.493,2.493
1255,61,2.488,2.483
1256,61,2.488,2.483
1257,61,2.488,2.488
1259,61,2.493,2.488
1260,61,2.498,2.488
1261,61,2.498,2.493
1263,61,2.502,2.498
1264,61,2.502,2.498
1266,61,2.502,2.498
1270,61,2.498,2.493
1275,64,2.488,2.483
1276,64,2.488,2.483
1277,64,2.488,2.483
1279,64,2.498,2.488
1280,64,2.498,2.488
1283,64,2.498,2.493
1284,64,2.498,2.493
1285,64,2.502,2.502
1287,64,2.502,2.493
1288,64,2.498,2.498
1289,64,2.498,2.493
1291,64,2.498,2.488
1292,64,2.493,2.488
1294,64,2.493,2.488
1299,61,2.493,2.488
1300,61,2.498,2.493
1301,61,2.498,2.493
1303,61,2.502,2.498
1304,61,2.502,2.498
1306,61,2.498,2.498
1307,61,2.502,2.498
1308,61,2.502,2.498
1310,61,2.493,2.493
1314,61,2.493,2.483
1315,61,2.483,2.483
1320,63,2.498,2.493
1322,63,2.498,2.498
1323,63,2.498,2.493
1325,63,2.502,2.498
1327,63,2.502,2.498
1328,63,2.502,2.493
1329,63,2.498,2.498
1331,63,2.498,2.493
1332,63,2.488,2.488
1333,63,2.488,2.488
1335,63,2.488,2.483
1336,63,2.488,2.488
1349,63,2.498,2.493
1353,63,2.488,2.488
1354,63,2.488,2.483
1356,63,2.488,2.488
1357,63,2.493,2.488
1358,63,2.493,2.488
1360,63,2.498,2.493
1365,63,2.502,2.498
1366,63,2.502,2.498
1369,63,2.502,2.498
1373,63,2.488,2.483
1374,63,2.493,2.488
1375,63,2.483,2.488
1377,63,2.488,2.483
1378,63,2.488,2.483
1380,63,2.493,2.488
1381,63,2.493,2.493
1382,63,2.498,2.498
1384,63,2.498,2.493
1389,58,2.498,2.498
1390,58,2.498,2.493
1392,58,2.493,2.493
1393,58,2.488,2.488
1394,58,2.488,2.483
1396,58,2.488,2.488
1397,58,2.493,2.488
1398,58,2.488,2.488
1400,58,2.493,2.488
1401,58,2.498,2.493
1402,58,2.502,2.498
1404,58,2.502,2.498
1405,58,2.502,2.498
1411,60,2.498,2.493
1413,60,2.488,2.488
1414,60,2.493,2.488
1418,60,2.488,2.488
1420,60,2.498,2.488
1421,60,2.498,2.493
1422,60,2.502,2.493
1424,60,2.498,2.493
1425,60,2.507,2.502
1426,60,2.502,2.498
1428,60,2.498,2.498
1429,60,2.502,2.493
1434,61,2.488,2.483
1436,61,2.488,2.483
1437,61,2.493,2.488
1438,61,2.493,2.488
1440,61,2.493,2.488
1441,61,2.498,2.493
1442,61,2.502,2.493
1444,61,2.502,2.498
1445,61,2.502,2.498
1447,61,2.502,2.498
1448,61,2.498,2.498
1449,61,2.493,2.488
1451,61,2.493,2.493
1457,62,2.488,2.488
1458,62,2.493,2.488
1462,62,2.498,2.498
1464,62,2.498,2.493
1465,62,2.502,2.498
1466,62,2.502,2.498
1468,62,2.502,2.498
1469,62,2.502,2.493
1470,62,2.493,2.493
1472,62,2.493,2.488
1473,62,2.488,2.488
1478,61,2.493,2.483
1480,61,2.493,2.493
1481,61,2.498,2.493
1482,61,2.502,2.498
1484,61,2.502,2.498
1485,61,2.502,2.498
1487,61,2.498,2.498
1488,61,2.502,2.498
1489,61,2.493,2.493
1491,61,2.498,2.488
1492,61,2.488,2.483
1493,61,2.488,2.488
1496,61,2.488,2.483
1497,61,2.488,2.483
1502,65,2.502,2.498
1504,65,2.502,2.498
1508,65,2.502,2.493
1509,65,2.498,2.498
1510,65,2.493,2.493
1512,65,2.493,2.488
1513,65,2.488,2.483
1515,65,2.488,2.483
1516,65,2.493,2.488
1517,65,2.488,2.488
1519,65,2.493,2.488
1524,65,2.502,2.498
1525,65,2.502,2.498
1526,65,2.498,2.498
1528,65,2.498,2.498
1529,65,2.498,2.493
1531,65,2.493,2.493
1532,65,2.488,2.483
1542,65,2.502,2.498
1550,61,2.498,2.493
1551,61,2.498,2.488
1552,61,2.488,2.483
1554,61,2.493,2.488
1555,61,2.488,2.483
1557,61,2.493,2.483
1558,61,2.488,2.488
1574,58,2.493,2.488
1575,58,2.488,2.483
1576,58,2.493,2.488
1578,58,2.493,2.488
1579,58,2.498,2.493
1582,58,2.498,2.493
1583,58,2.502,2.498
1584,58,2.498,2.498
1586,58,2.502,2.498
1587,58,2.498,2.498
1592,63,2.493,2.488
1594,63,2.493,2.488
1595,63,2.488,2.488
1596,63,2.488,2.483
1598,63,2.488,2.488
1599,63,2.493,2.488
1600,63,2.493,2.493
1602,63,2.498,2.498
1603,63,2.498,2.493
1605,63,2.502,2.498
1606,63,2.498,2.493
1607,63,2.498,2.493
1609,63,2.498,2.493
1614,63,2.493,2.488
1620,63,2.498,2.493
1621,63,2.498,2.493
1622,63,2.498,2.498
1625,63,2.502,2.502
1626,63,2.498,2.502
1627,63,2.498,2.493
1629,63,2.498,2.493
1630,63,2.498,2.493
1632,63,2.493,2.488
1633,63,2.493,2.483
1638,62,2.498,2.488
1639,62,2.498,2.493
1641,62,2.493,2.493
1642,62,2.502,2.493
1644,62,2.498,2.493
1645,62,2.502,2.498
1646,62,2.498,2.498
1648,62,2.502,2.493
1649,62,2.498,2.493
1650,62,2.498,2.488
1652,62,2.493,2.488
1653,62,2.493,2.488
1655,62,2.493,2.483
1660,62,2.498,2.488
1661,62,2.498,2.493
1666,62,2.502,2.498
1667,62,2.498,2.493
1669,62,2.498,2.493
1670,62,2.493,2.493
1672,62,2.493,2.488
1673,62,2.493,2.488
1674,62,2.488,2.483
1676,62,2.488,2.483
1677,62,2.488,2.488
1682,62,2.502,2.493
1684,62,2.498,2.498
1685,62,2.502,2.498
1686,62,2.502,2.493
1688,62,2.502,2.498
1689,62,2.493,2.493
1690,62,2.498,2.493
1692,62,2.488,2.483
1693,62,2.493,2.488
1694,62,2.483,2.483
1696,62,2.488,2.483
1697,62,2.493,2.488
1699,62,2.488,2.488
1700,62,2.488,2.493
1705,62,2.502,2.498
1710,62,2.498,2.493
1712,62,2.493,2.493
1713,62,2.493,2.483
1714,62,2.488,2.483
1716,62,2.488,2.488
1717,62,2.493,2.483
1718,62,2.493,2.488
1720,62,2.493,2.493
1721,62,2.498,2.493
1723,62,2.502,2.498
1728,61,2.502,2.498
1729,61,2.498,2.493
1730,61,2.498,2.493
1732,61,2.488,2.488
1733,61,2.493,2.488
1734,61,2.483,2.483
1736,61,2.493,2.483
1737,61,2.493,2.488
1739,61,2.493,2.488
1755,62,2.488,2.483
1758,62,2.493,2.488
1760,62,2.493,2.493
1761,62,2.493,2.493
1762,62,2.502,2.502
1767,62,2.498,2.493
1768,62,2.498,2.498
1773,61,2.493,2.488
1774,61,2.488,2.483
1776,61,2.488,2.488
1777,61,2.493,2.488
1779,61,2.493,2.483
1780,61,2.493,2.493
1781,61,2.498,2.493
1783,61,2.498,2.493
1784,61,2.502,2.493
1785,61,2.498,2.493
1787,61,2.502,2.493
1788,61,2.498,2.493
1789,61,2.493,2.493
1796,63,2.493,2.488
1797,63,2.493,2.488
1798,63,2.493,2.493
1800,63,2.498,2.493
1801,63,2.498,2.493
1802,63,2.502,2.493
1804,63,2.498,2.493
1805,63,2.502,2.498
1807,63,2.498,2.493
1808,63,2.498,2.493
1812,63,2.493,2.488
1813,63,2.493,2.488
1818,60,2.493,2.488
1820,60,2.498,2.493
1821,60,2.498,2.493
1823,60,2.498,2.493
1824,60,2.498,2.498
1825,60,2.502,2.493
1827,60,2.502,2.498
1828,60,2.498,2.493
1829,60,2.498,2.493
1831,60,2.493,2.493
1832,60,2.498,2.488
1834,60,2.488,2.483
1835,60,2.493,2.488
1841,61,2.498,2.493
1842,61,2.502,2.493
1844,61,2.498,2.493
1845,61,2.502,2.498
1847,61,2.498,2.498
1848,61,2.498,2.498
1849,61,2.498,2.488
1851,61,2.493,2.493
1852,61,2.488,2.483
1856,61,2.488,2.488
1857,61,2.493,2.488
1859,61,2.493,2.488
1864,61,2.502,2.498
1865,61,2.502,2.498
1867,61,2.498,2.493
1868,61,2.498,2.498
1869,61,2.493,2.493
1871,61,2.498,2.488
1872,61,2.493,2.483
1874,61,2.488,2.483
1875,61,2.493,2.488
1876,61,2.488,2.488
1878,61,2.493,2.488
1880,61,2.498,2.493
1881,61,2.498,2.493
1886,60,2.498,2.498
1888,60,2.498,2.493
1889,60,2.498,2.493
1891,60,2.493,2.488
1892,60,2.493,2.488
1893,60,2.493,2.488
1895,60,2.488,2.483
1896,60,2.493,2.488
1897,60,2.493,2.493
1902,60,2.502,2.493
1903,60,2.498,2.493
1908,63,2.498,2.493
1909,63,2.493,2.493
1911,63,2.493,2.488
1912,63,2.493,2.488
1914,63,2.493,2.483
1915,63,2.488,2.493
1916,63,2.493,2.493
1918,63,2.493,2.488
1919,63,2.498,2.493
1920,63,2.498,2.493
1923,63,2.498,2.493
1924,63,2.502,2.498
1926,63,2.498,2.498
1927,63,2.498,2.498
1932,62,2.493,2.483
1933,62,2.488,2.493
1935,62,2.493,2.483
1936,62,2.493,2.488
1937,62,2.493,2.488
1947,62,2.498,2.493
1954,60,2.493,2.483
1956,60,2.493,2.493
1960,60,2.493,2.493
1961,60,2.498,2.498
1962,60,2.498,2.493
1965,60,2.502,2.493
1966,60,2.498,2.498
1968,60,2.493,2.493
1969,60,2.498,2.493
1970,60,2.498,2.488
1972,60,2.493,2.488
1977,66,2.493,2.488
1978,66,2.493,2.488
1979,66,2.493,2.493
1981,66,2.498,2.493
1982,66,2.498,2.493
1984,66,2.493,2.493
1985,66,2.498,2.498
1986,66,2.498,2.493
1988,66,2.498,2.498
1989,66,2.498,2.493
1990,66,2.493,2.488
1992,66,2.493,2.483
1993,66,2.493,2.488
1998,63,2.498,2.493
2000,63,2.498,2.493
2004,63,2.502,2.493
2005,63,2.498,2.493
2008,63,2.498,2.493
2009,63,2.498,2.488
2010,63,2.498,2.493
2012,63,2.493,2.488
2013,63,2.493,2.488
2014,63,2.493,2.483
2016,63,2.488,2.488
2017,63,2.493,2.488
2022,61,2.502,2.493
2024,61,2.498,2.493
2025,61,2.498,2.498
2026,61,2.498,2.493
2028,61,2.498,2.493
2029,61,2.493,2.488
2030,61,2.493,2.488
2032,61,2.488,2.488
2033,61,2.493,2.488
2035,61,2.488,2.488
2036,61,2.493,2.488
2037,61,2.493,2.488
2039,61,2.493,2.488
2044,61,2.498,2.498
2045,61,2.498,2.498
2050,61,2.493,2.493
2052,61,2.493,2.488
2053,61,2.493,2.488
2054,61,2.488,2.488
2056,61,2.493,2.488
2057,61,2.493,2.488
2058,61,2.493,2.493
2060,61,2.498,2.493
2061,61,2.498,2.493
2066,63,2.498,2.493
2068,63,2.498,2.493
2069,63,2.498,2.493
2070,63,2.493,2.488
2072,63,2.488,2.488
2073,63,2.493,2.488
2075,63,2.493,2.483
2076,63,2.493,2.488
2077,63,2.493,2.488
2079,63,2.493,2.493
2080,63,2.493,2.493
2081,63,2.498,2.493
2083,63,2.493,2.493
2084,63,2.498,2.493
2089,63,2.498,2.493
2094,63,2.488,2.483
2096,63,2.488,2.488
2097,63,2.493,2.488
2098,63,2.493,2.488
2100,63,2.493,2.493
2101,63,2.498,2.493
2103,63,2.498,2.493
2104,63,2.498,2.498
2105,63,2.498,2.493
2107,63,2.498,2.493
2112,61,2.493,2.488
2113,61,2.498,2.493
2115,61,2.488,2.488
2116,61,2.493,2.488
2117,61,2.493,2.488
2119,61,2.498,2.493
2120,61,2.498,2.493
2121,61,2.502,2.493
2123,61,2.498,2.493
2124,61,2.502,2.498
2126,61,2.498,2.493
2127,61,2.498,2.493
2128,61,2.498,2.493
2130,61,2.493,2.493
2146,64,2.498,2.493
2150,64,2.493,2.493
2151,64,2.493,2.488
2153,64,2.493,2.493
2158,63,2.493,2.493
2159,63,2.493,2.488
2161,63,2.493,2.493
2162,63,2.498,2.498
2163,63,2.498,2.493
2165,63,2.498,2.498
2166,63,2.498,2.493
2167,63,2.498,2.498
2169,63,2.498,2.493
2170,63,2.493,2.488
2172,63,2.493,2.488
2173,63,2.498,2.488
2174,63,2.493,2.488
2180,61,2.498,2.493
2182,61,2.498,2.498
2183,61,2.498,2.493
2185,61,2.498,2.493
2186,61,2.498,2.498
2187,61,2.498,2.493
2189,61,2.498,2.493
2190,61,2.498,2.493
2194,61,2.488,2.483
2196,61,2.493,2.488
2197,61,2.488,2.488
2202,64,2.502,2.493
2203,64,2.498,2.498
2205,64,2.498,2.498
2206,64,2.498,2.498
2208,64,2.498,2.493
2209,64,2.498,2.493
2210,64,2.493,2.493
2212,64,2.493,2.488
2213,64,2.493,2.488
2214,64,2.488,2.488
2216,64,2.493,2.488
2217,64,2.493,2.488
2218,64,2.498,2.493
2221,64,2.493,2.493
2226,63,2.502,2.493
2227,63,2.498,2.493
2229,63,2.498,2.493
2230,63,2.493,2.493
2231,63,2.493,2.488
2233,63,2.493,2.488
2234,63,2.493,2.488
2238,63,2.493,2.493
2240,63,2.493,2.493
2241,63,2.498,2.493
2242,63,2.498,2.493
2247,61,2.498,2.498
2249,61,2.498,2.493
2250,61,2.493,2.488
2252,61,2.493,2.488
2253,61,2.493,2.488
2254,61,2.493,2.488
2256,61,2.493,2.488
2257,61,2.493,2.488
2258,61,2.493,2.493
2260,61,2.498,2.493
2261,61,2.498,2.498
2264,61,2.498,2.493
2265,61,2.498,2.498
2270,61,2.498,2.488
2271,61,2.493,2.488
2273,61,2.493,2.488
2274,61,2.493,2.488
2276,61,2.493,2.488
2277,61,2.493,2.488
2278,61,2.493,2.488
2280,61,2.498,2.493
2284,61,2.498,2.498
2285,61,2.498,2.493
2287,61,2.498,2.493
2288,61,2.498,2.493
2293,61,2.493,2.488
2294,61,2.493,2.488
2296,61,2.493,2.488
2297,61,2.493,2.488
2299,61,2.493,2.493
2300,61,2.498,2.493
2301,61,2.498,2.498
2303,61,2.498,2.493
2304,61,2.498,2.498
2306,61,2.498,2.493
2308,61,2.498,2.493
2309,61,2.498,2.493
2311,61,2.493,2.488
2316,62,2.493,2.488
2317,62,2.493,2.488
2318,62,2.493,2.488
2320,62,2.493,2.493
2321,62,2.498,2.493
2322,62,2.498,2.493
2324,62,2.498,2.493
2352,61,2.493,2.488
2353,61,2.493,2.488
2366,61,2.498,2.498
2370,61,2.493,2.493
2371,61,2.493,2.488
2373,61,2.493,2.488
2374,61,2.493,2.488
2375,61,2.493,2.488
2377,61,2.493,2.488
2378,61,2.493,2.493
2383,59,2.498,2.498
2385,59,2.498,2.493
2386,59,2.498,2.493
2387,59,2.498,2.493
2389,59,2.493,2.493
2390,59,2.493,2.493
2392,59,2.493,2.488
2394,59,2.493,2.488
2395,59,2.493,2.488
2397,59,2.493,2.488
2398,59,2.493,2.488
2399,59,2.498,2.493
2401,59,2.498,2.493
2406,61,2.498,2.493
2410,61,2.493,2.493
2411,61,2.493,2.488
2413,61,2.493,2.488
2414,61,2.493,2.488
2415,61,2.493,2.488
2417,61,2.493,2.488
2418,61,2.493,2.488
2420,61,2.493,2.493
2421,61,2.498,2.498
2422,61,2.498,2.493
2424,61,2.498,2.493
2429,60,2.498,2.493
2430,60,2.493,2.493
2431,60,2.493,2.488
2434,60,2.493,2.488
2435,60,2.493,2.488
2437,60,2.493,2.488
2438,60,2.493,2.493
2439,60,2.493,2.493
2441,60,2.498,2.493
2442,60,2.498,2.493
2443,60,2.502,2.498
2445,60,2.498,2.493
2446,60,2.498,2.493
2451,60,2.493,2.488
2455,60,2.493,2.488
2457,60,2.493,2.488
2458,60,2.493,2.488
2460,60,2.498,2.493
2461,60,2.498,2.493
2462,60,2.498,2.493
2464,60,2.498,2.493
2465,60,2.498,2.493
2466,60,2.498,2.493
2468,60,2.498,2.493
2473,64,2.493,2.488
2474,64,2.493,2.488
2477,64,2.493,2.488
2478,64,2.488,2.488
2479,64,2.498,2.493
2481,64,2.498,2.493
2482,64,2.498,2.493
2483,64,2.498,2.493
2485,64,2.502,2.493
2486,64,2.498,2.498
2488,64,2.498,2.493
2489,64,2.493,2.493
2490,64,2.493,2.493
2492,64,2.498,2.488
2499,61,2.498,2.493
2501,61,2.498,2.493
2502,61,2.498,2.493
2504,61,2.498,2.493
2505,61,2.498,2.498
2506,61,2.498,2.498
2508,61,2.498,2.488
2509,61,2.493,2.493
2510,61,2.493,2.493
2512,61,2.493,2.488
2513,61,2.493,2.488
2518,62,2.493,2.493
2521,62,2.498,2.493
2522,62,2.498,2.493
2523,62,2.498,2.493
2525,62,2.498,2.493
2526,62,2.498,2.493
2528,62,2.498,2.493
2529,62,2.498,2.488
2530,62,2.493,2.493
2532,62,2.493,2.488
2533,62,2.493,2.488
2534,62,2.488,2.488
2536,62,2.493,2.488
2537,62,2.493,2.488
2545,62,2.498,2.498
2546,62,2.498,2.493
2548,62,2.498,2.493
2549,62,2.498,2.493
2558,62,2.498,2.493
2567,65,2.498,2.498
2568,65,2.498,2.493
2569,65,2.498,2.493
2571,65,2.498,2.493
2572,65,2.493,2.488
2574,65,2.493,2.488
2575,65,2.493,2.488
2576,65,2.498,2.493
2578,65,2.493,2.488
2579,65,2.498,2.493
2580,65,2.498,2.493
2582,65,2.498,2.498
2587,64,2.502,2.493
2588,64,2.498,2.493
2590,64,2.493,2.493
2591,64,2.493,2.488
2592,64,2.493,2.493
2594,64,2.493,2.488
2595,64,2.493,2.488
2599,64,2.498,2.493
2601,64,2.498,2.493
2602,64,2.493,2.493
2603,64,2.498,2.498
2609,62,2.498,2.493
2611,62,2.493,2.493
2612,62,2.493,2.488
2614,62,2.488,2.488
2615,62,2.493,2.488
2616,62,2.493,2.488
2618,62,2.493,2.488
2619,62,2.493,2.493
2620,62,2.493,2.493
2622,62,2.498,2.493
2623,62,2.498,2.493
2625,62,2.498,2.493
2626,62,2.498,2.493
2627,62,2.498,2.493
2632,61,2.493,2.488
2634,61,2.488,2.488
2635,61,2.493,2.488
2637,61,2.493,2.488
2638,61,2.493,2.488
2639,61,2.498,2.493
2643,61,2.498,2.498
2645,61,2.498,2.498
2646,61,2.498,2.493
2649,61,2.493,2.493
2650,61,2.493,2.493
2655,63,2.498,2.488
2656,63,2.493,2.493
2658,63,2.493,2.488
2659,63,2.498,2.488
2660,63,2.493,2.493
2662,63,2.498,2.498
2663,63,2.498,2.493
2665,63,2.498,2.493
2666,63,2.498,2.493
2667,63,2.498,2.493
2669,63,2.498,2.493
2670,63,2.498,2.488
2671,63,2.493,2.488
2677,63,2.493,2.488
2678,63,2.498,2.493
2679,63,2.498,2.493
2681,63,2.498,2.493
2682,63,2.498,2.493
2683,63,2.498,2.498
2685,63,2.498,2.493
2690,63,2.493,2.493
2691,63,2.493,2.488
2693,63,2.493,2.493
2694,63,2.493,2.488
2695,63,2.493,2.488
2700,64,2.498,2.493
2702,64,2.498,2.498
2703,64,2.502,2.493
2705,64,2.498,2.498
2706,64,2.498,2.493
2707,64,2.498,2.493
2709,64,2.498,2.493
2710,64,2.493,2.493
2711,64,2.488,2.488
2713,64,2.493,2.488
2714,64,2.493,2.488
2716,64,2.488,2.488
2717,64,2.493,2.488
2722,63,2.498,2.493
2723,63,2.498,2.498
2725,63,2.498,2.493
2726,63,2.498,2.493
2728,63,2.493,2.493
2729,63,2.493,2.493
2734,63,2.493,2.488
2735,63,2.493,2.488
2737,63,2.493,2.488
2738,63,2.493,2.488
2740,63,2.493,2.493
2741,63,2.498,2.493
2746,62,2.498,2.493
2755,62,2.493,2.488
2759,62,2.493,2.493
2760,62,2.498,2.493
2762,62,2.498,2.493
2767,63,2.498,2.493
2768,63,2.498,2.493
2770,63,2.493,2.488
2771,63,2.493,2.488
2772,63,2.493,2.488
2774,63,2.488,2.488
2776,63,2.493,2.488
2777,63,2.493,2.488
2779,63,2.493,2.493
2780,63,2.493,2.493
2782,63,2.498,2.498
2783,63,2.498,2.493
2784,63,2.498,2.498
2792,64,2.493,2.488
2794,64,2.488,2.488
2795,64,2.493,2.488
2796,64,2.493,2.488
2798,64,2.493,2.493
2799,64,2.498,2.493
2800,64,2.498,2.493
2802,64,2.498,2.493
2803,64,2.502,2.498
2805,64,2.498,2.493
2806,64,2.498,2.493
2807,64,2.498,2.493
2812,61,2.493,2.488
2814,61,2.493,2.488
2815,61,2.493,2.488
2816,61,2.493,2.488
2819,61,2.498,2.493
2820,61,2.498,2.488
2822,61,2.498,2.493
2823,61,2.498,2.493
2824,61,2.498,2.498
2826,61,2.498,2.493
2827,61,2.498,2.493
2828,61,2.493,2.493
2830,61,2.493,2.493
2838,61,2.498,2.488
2839,61,2.493,2.493
2840,61,2.498,2.493
2842,61,2.498,2.493
2843,61,2.502,2.498
2845,61,2.498,2.493
2846,61,2.498,2.493
2847,61,2.498,2.493
2849,61,2.493,2.493
2850,61,2.493,2.488
2851,61,2.493,2.488
2853,61,2.493,2.488
2858,61,2.498,2.493
2859,61,2.493,2.493
2862,61,2.498,2.493
2863,61,2.498,2.493
2864,61,2.498,2.493
2866,61,2.498,2.493
2867,61,2.498,2.493
2868,61,2.493,2.493
2870,61,2.498,2.493
2871,61,2.493,2.488
2873,61,2.493,2.488
2874,61,2.488,2.488
2882,62,2.502,2.493
2883,62,2.498,2.493
2884,62,2.498,2.493
2886,62,2.498,2.493
2887,62,2.498,2.493
2889,62,2.498,2.493
2890,62,2.493,2.493
2891,62,2.493,2.488
2893,62,2.493,2.488
2894,62,2.493,2.488
2895,62,2.493,2.488
2897,62,2.493,2.488
2898,62,2.498,2.493
2904,62,2.498,2.498
2906,62,2.498,2.493
2907,62,2.498,2.498
2908,62,2.493,2.493
2910,62,2.493,2.493
2911,62,2.493,2.488
2913,62,2.493,2.488
2914,62,2.493,2.488
2915,62,2.493,2.488
2917,62,2.493,2.488
2918,62,2.493,2.493
2919,62,2.493,2.493
2927,63,2.498,2.493
2929,63,2.493,2.493
2930,63,2.493,2.488
2931,63,2.488,2.488
2933,63,2.493,2.488
2934,63,2.493,2.488
2935,63,2.493,2.488
2937,63,2.493,2.488
2938,63,2.498,2.493
2952,62,2.493,2.493
2956,62,2.493,2.488
2957,62,2.493,2.488
2959,62,2.498,2.493
2960,62,2.493,2.493
2961,62,2.498,2.493
2963,62,2.498,2.493
2964,62,2.498,2.498
2966,62,2.498,2.493
2971,62,2.493,2.488
2972,62,2.493,2.488
2973,62,2.493,2.488
2975,62,2.493,2.488
2976,62,2.493,2.488
2977,62,2.493,2.488
2982,62,2.498,2.493
2983,62,2.498,2.498
2984,62,2.498,2.493
2986,62,2.498,2.493
2987,62,2.498,2.493
2989,62,2.498,2.493
2995,62,2.493,2.488
2996,62,2.493,2.488
2997,62,2.493,2.488
2999,62,2.493,2.493
3000,62,2.498,2.493
3001,62,2.498,2.493
3003,62,2.498,2.493
3004,62,2.498,2.498
3006,62,2.498,2.493
3007,62,2.498,2.493
3008,62,2.498,2.488
3010,62,2.493,2.488
3011,62,2.493,2.488
3016,61,2.493,2.488
3018,61,2.493,2.488
3019,61,2.493,2.493
3020,61,2.498,2.493
3022,61,2.498,2.493
3026,61,2.498,2.493
3027,61,2.498,2.493
3028,61,2.498,2.493
3030,61,2.493,2.493
3032,61,2.493,2.488
3034,61,2.488,2.488
3035,61,2.488,2.488
3040,61,2.498,2.493
3041,61,2.498,2.498
3043,61,2.498,2.493
3044,61,2.498,2.498
3046,61,2.498,2.493
3047,61,2.498,2.493
3048,61,2.493,2.488
3050,61,2.498,2.493
3051,61,2.488,2.488
3052,61,2.493,2.488
3054,61,2.493,2.488
3055,61,2.493,2.488
3057,61,2.493,2.488
3062,61,2.498,2.493
3063,61,2.498,2.498
3064,61,2.498,2.498
3066,61,2.498,2.493
3067,61,2.498,2.493
3071,61,2.493,2.488
3074,61,2.493,2.488
3075,61,2.493,2.488
3076,61,2.493,2.488
3078,61,2.493,2.488
3079,61,2.493,2.493
3084,61,2.502,2.498
3086,61,2.498,2.493
3087,61,2.498,2.498
3088,61,2.493,2.488
3090,61,2.493,2.493
3091,61,2.493,2.488
3092,61,2.493,2.488
3094,61,2.488,2.488
3095,61,2.493,2.488
3097,61,2.493,2.488
3098,61,2.493,2.493
3099,61,2.493,2.488
3101,61,2.498,2.498
3102,61,2.498,2.493
3107,62,2.498,2.493
3109,62,2.498,2.493
3110,62,2.493,2.493
3111,62,2.493,2.488
3124,62,2.498,2.493
3130,64,2.498,2.493
3131,64,2.493,2.488
3132,64,2.493,2.493
3134,64,2.493,2.488
3135,64,2.493,2.488
3136,64,2.493,2.488
3138,64,2.493,2.488
3139,64,2.493,2.493
3141,64,2.498,2.493
3142,64,2.498,2.493
3143,64,2.498,2.498
3156,62,2.493,2.488
3161,62,2.498,2.493
3162,62,2.498,2.493
3164,62,2.498,2.498
3165,62,2.498,2.493
3166,62,2.498,2.493
3168,62,2.493,2.493
3169,62,2.493,2.493
3174,61,2.493,2.488
3176,61,2.493,2.488
3177,61,2.493,2.493
3178,61,2.493,2.493
3183,61,2.498,2.493
3184,61,2.498,2.493
3185,61,2.498,2.493
3187,61,2.498,2.493
3188,61,2.493,2.493
3189,61,2.493,2.488
3191,61,2.493,2.488
3192,61,2.493,2.488
3197,62,2.493,2.493
3199,62,2.493,2.493
3200,62,2.498,2.493
3202,62,2.498,2.493
3204,62,2.498,2.498
3205,62,2.498,2.493
3206,62,2.498,2.493
3208,62,2.498,2.493
3209,62,2.493,2.493
3211,62,2.493,2.488
3212,62,2.493,2.488
3213,62,2.493,2.488
3215,62,2.493,2.488
3220,61,2.498,2.493
3221,61,2.498,2.498
3223,61,2.498,2.493
3224,61,2.498,2.498
3228,61,2.493,2.488
3229,61,2.493,2.493
3231,61,2.488,2.488
3232,61,2.493,2.488
3234,61,2.488,2.488
3235,61,2.493,2.488
3236,61,2.493,2.488
3238,61,2.493,2.493
3243,60,2.502,2.498
3245,60,2.498,2.493
3246,60,2.498,2.493
3248,60,2.498,2.493
3249,60,2.493,2.493
3251,60,2.493,2.488
3252,60,2.493,2.488
3253,60,2.493,2.488
3255,60,2.493,2.488
3256,60,2.493,2.488
3257,60,2.493,2.488
3259,60,2.493,2.493
3260,60,2.498,2.493
3265,62,2.498,2.493
3267,62,2.498,2.493
3268,62,2.498,2.493
3272,62,2.493,2.488
3273,62,2.488,2.488
3275,62,2.493,2.488
3276,62,2.493,2.488
3278,62,2.493,2.493
3279,62,2.493,2.493
3280,62,2.498,2.498
3282,62,2.493,2.493
3288,62,2.498,2.493
3289,62,2.498,2.493
3291,62,2.493,2.493
3292,62,2.493,2.488
3293,62,2.488,2.488
3295,62,2.493,2.488
3296,62,2.493,2.488
3297,62,2.493,2.488
3299,62,2.498,2.493
3300,62,2.498,2.493
3302,62,2.498,2.493
3303,62,2.498,2.493
3304,62,2.498,2.493
3306,62,2.498,2.493
3311,59,2.493,2.488
3312,59,2.493,2.488
3314,59,2.493,2.488
3318,59,2.493,2.493
3319,59,2.493,2.493
3320,59,2.498,2.493
3322,59,2.498,2.493
3323,59,2.502,2.498
3324,59,2.498,2.498
3326,59,2.498,2.493
3327,59,2.493,2.488
3333,63,2.493,2.488
3335,63,2.493,2.488
3336,63,2.493,2.488
3337,63,2.493,2.493
3339,63,2.498,2.493
3340,63,2.498,2.493
3349,63,2.493,2.493
3357,64,2.493,2.488
3358,64,2.498,2.493
3360,64,2.498,2.493
3361,64,2.498,2.498
3362,64,2.498,2.498
3364,64,2.498,2.498
3365,64,2.498,2.498
3366,64,2.498,2.493
3368,64,2.498,2.493
3373,64,2.493,2.488
3378,60,2.493,2.493
3379,60,2.493,2.488
3381,60,2.498,2.493
3382,60,2.498,2.493
3384,60,2.502,2.498
3385,60,2.498,2.493
3386,60,2.498,2.493
3388,60,2.493,2.493
3389,60,2.493,2.493
3390,60,2.493,2.488
3392,60,2.493,2.488
3393,60,2.488,2.488
3395,60,2.493,2.488
3396,60,2.493,2.488
3401,62,2.498,2.498
3402,62,2.498,2.493
3404,62,2.498,2.493
3405,62,2.498,2.493
3407,62,2.498,2.493
3408,62,2.498,2.493
3409,62,2.493,2.493
3411,62,2.493,2.488
3412,62,2.493,2.488
3417,62,2.493,2.493
3418,62,2.498,2.493
3424,61,2.502,2.498
3425,61,2.498,2.493
3426,61,2.498,2.493
3428,61,2.498,2.493
3429,61,2.493,2.493
3430,61,2.493,2.483
3432,61,2.493,2.488
3433,61,2.493,2.488
3435,61,2.493,2.488
3436,61,2.493,2.488
3437,61,2.493,2.488
3439,61,2.493,2.493
3440,61,2.498,2.493
3441,61,2.498,2.493
3446,66,2.498,2.493
3448,66,2.493,2.493
3449,66,2.493,2.493
3451,66,2.488,2.488
3452,66,2.493,2.488
3453,66,2.493,2.488
3455,66,2.493,2.488
3456,66,2.493,2.488
3458,66,2.493,2.493
3463,66,2.498,2.493
3464,66,2.498,2.498
3469,60,2.498,2.493
3470,60,2.493,2.488
3472,60,2.493,2.488
3473,60,2.488,2.483
3475,60,2.493,2.488
3476,60,2.493,2.488
3477,60,2.493,2.488
3479,60,2.498,2.493
3480,60,2.498,2.493
3481,60,2.498,2.493
3483,60,2.498,2.493
3484,60,2.498,2.493
3486,60,2.498,2.493
3491,61,2.493,2.488
3492,61,2.493,2.488
3493,61,2.488,2.488
3495,61,2.493,2.488
3496,61,2.493,2.488
3497,61,2.498,2.493
3499,61,2.498,2.493
3501,61,2.498,2.493
3503,61,2.498,2.493
3507,61,2.498,2.493
3508,61,2.498,2.493
3509,61,2.498,2.493
3515,60,2.493,2.488
3516,60,2.493,2.488
3517,60,2.493,2.493
3519,60,2.493,2.493
3520,60,2.493,2.493
3521,60,2.498,2.493
3523,60,2.498,2.498
3524,60,2.498,2.498
3526,60,2.498,2.493
3527,60,2.498,2.493
3528,60,2.493,2.493
3530,60,2.493,2.488
3531,60,2.493,2.488
3536,62,2.493,2.488
3546,62,2.498,2.493
3550,62,2.493,2.493
3551,62,2.493,2.488
3553,62,2.493,2.488
3554,62,2.493,2.488
3559,62,2.498,2.493
3561,62,2.498,2.493
3562,62,2.498,2.493
3566,62,2.498,2.493
3567,62,2.498,2.493
3569,62,2.498,2.493
3570,62,2.493,2.493
3572,62,2.493,2.493
3573,62,2.493,2.488
3574,62,2.493,2.488
3576,62,2.493,2.488
3581,64,2.498,2.493
3582,64,2.498,2.498
3584,64,2.498,2.493
3586,64,2.498,2.493
3587,64,2.498,2.493
3589,64,2.493,2.493
3590,64,2.493,2.488
3591,64,2.493,2.488
3593,64,2.493,2.488
3594,64,2.493,2.488
3596,64,2.493,2.488
3597,64,2.493,2.488
3598,64,2.498,2.493
3600,64,2.498,2.493
3605,60,2.498,2.493
3606,60,2.498,2.493
3610,60,2.493,2.488
3612,60,2.493,2.493
3613,60,2.488,2.488
3614,60,2.493,2.488
3616,60,2.493,2.488
3617,60,2.493,2.488
3618,60,2.493,2.493
3620,60,2.498,2.498
3621,60,2.498,2.493
3626,64,2.498,2.493
3629,64,2.498,2.493
3630,64,2.493,2.493
3631,64,2.493,2.488
3633,64,2.493,2.488
3634,64,2.493,2.488
3636,64,2.493,2.488
3637,64,2.493,2.493
3638,64,2.498,2.493
3640,64,2.498,2.493
3641,64,2.498,2.493
3642,64,2.498,2.493
3644,64,2.502,2.493
3645,64,2.498,2.493
3650,61,2.493,2.488
3654,61,2.493,2.488
3656,61,2.493,2.488
3657,61,2.493,2.488
3658,61,2.498,2.493
3660,61,2.498,2.493
3661,61,2.498,2.493
3663,61,2.498,2.498
3664,61,2.498,2.493
3665,61,2.498,2.493
3667,61,2.498,2.493
3673,64,2.493,2.488
3674,64,2.493,2.488
3676,64,2.493,2.488
3677,64,2.493,2.488
3678,64,2.493,2.493
3680,64,2.498,2.493
3681,64,2.498,2.498
3682,64,2.498,2.493
3684,64,2.498,2.498
3685,64,2.498,2.493
3687,64,2.498,2.493
3688,64,2.498,2.493
3689,64,2.493,2.493
3694,62,2.493,2.488
3696,62,2.493,2.488
3700,62,2.498,2.498
3701,62,2.498,2.493
3703,62,2.498,2.498
3704,62,2.498,2.493
3705,62,2.498,2.493
3707,62,2.498,2.493
3708,62,2.493,2.493
3710,62,2.493,2.488
3711,62,2.493,2.488
3712,62,2.493,2.488
3718,62,2.498,2.493
3720,62,2.498,2.493
3721,62,2.498,2.498
3722,62,2.498,2.493
3724,62,2.498,2.493
3725,62,2.498,2.493
3727,62,2.498,2.493
3728,62,2.493,2.493
3729,62,2.493,2.493
3742,62,2.498,2.498
3746,62,2.498,2.493
3747,62,2.498,2.493
3749,62,2.498,2.493
3750,62,2.493,2.488
3754,62,2.493,2.488
3757,62,2.493,2.488
3758,62,2.493,2.488
3763,60,2.502,2.498
3765,60,2.498,2.493
3766,60,2.498,2.493
3767,60,2.493,2.493
3769,60,2.493,2.493
3770,60,2.493,2.493
3771,60,2.493,2.488
3773,60,2.493,2.488
3774,60,2.493,2.488
3775,60,2.493,2.488
3777,60,2.493,2.488
3778,60,2.493,2.488
3780,60,2.498,2.493
3785,62,2.498,2.493
3786,62,2.498,2.493
3787,62,2.498,2.493
3789,62,2.493,2.493
3790,62,2.493,2.488
3792,62,2.493,2.488
3793,62,2.488,2.488
3794,62,2.493,2.488
3798,62,2.498,2.493
3801,62,2.498,2.493
3802,62,2.498,2.493
3804,62,2.498,2.493
3809,63,2.498,2.493
3810,63,2.493,2.488
3811,63,2.493,2.488
3813,63,2.493,2.488
3814,63,2.493,2.488
3816,63,2.493,2.488
3817,63,2.493,2.493
3818,63,2.493,2.493
3820,63,2.498,2.493
3821,63,2.498,2.493
3822,63,2.498,2.498
3824,63,2.498,2.493
3825,63,2.498,2.493
3830,63,2.493,2.488
3832,63,2.493,2.493
3833,63,2.493,2.488
3834,63,2.493,2.488
3836,63,2.493,2.488
3837,63,2.493,2.493
3838,63,2.493,2.493
3840,63,2.498,2.493
3845,63,2.498,2.498
3846,63,2.498,2.493
3848,63,2.498,2.493
3849,63,2.493,2.493
3854,62,2.493,2.488
3856,62,2.493,2.488
3857,62,2.493,2.488
3858,62,2.498,2.493
3860,62,2.498,2.493
3861,62,2.498,2.493
3862,62,2.498,2.498
3864,62,2.498,2.493
3865,62,2.498,2.493
3867,62,2.498,2.493
3868,62,2.498,2.493
3869,62,2.498,2.493
3871,62,2.493,2.488
3876,63,2.493,2.488
3877,63,2.493,2.488
3878,63,2.498,2.493
3880,63,2.498,2.493
3881,63,2.498,2.493
3883,63,2.498,2.493
3885,63,2.498,2.498
3901,63,2.502,2.493
3902,63,2.498,2.493
3903,63,2.498,2.498
3905,63,2.498,2.498
3906,63,2.498,2.493
3908,63,2.493,2.493
3909,63,2.493,2.493
3910,63,2.493,2.488
3912,63,2.493,2.488
3913,63,2.493,2.488
3914,63,2.493,2.488
3916,63,2.493,2.488
3921,62,2.498,2.493
3922,62,2.498,2.493
3924,62,2.498,2.493
3925,62,2.498,2.498
3926,62,2.493,2.493
3929,62,2.493,2.493
3930,62,2.493,2.488
3932,62,2.493,2.488
3933,62,2.493,2.488
3934,62,2.493,2.488
3947,61,2.498,2.493
3951,61,2.493,2.488
3952,61,2.493,2.488
3956,61,2.493,2.488
3958,61,2.498,2.493
3959,61,2.498,2.493
3961,61,2.498,2.493
3966,63,2.498,2.493
3967,63,2.498,2.493
3968,63,2.493,2.493
3971,63,2.493,2.488
3972,63,2.493,2.493
3974,63,2.493,2.488
3975,63,2.493,2.488
3976,63,2.493,2.488
3978,63,2.498,2.493
3979,63,2.493,2.493
3980,63,2.498,2.493
3982,63,2.498,2.493
3983,63,2.498,2.498
3985,63,2.498,2.493
3990,64,2.498,2.488
3991,64,2.493,2.488
3992,64,2.488,2.488
3994,64,2.493,2.488
3995,64,2.493,2.488
3997,64,2.493,2.493
4001,64,2.498,2.498
4002,64,2.498,2.498
4003,64,2.498,2.498
4005,64,2.498,2.493
4006,64,2.498,2.493
4011,62,2.493,2.493
4014,62,2.488,2.488
4015,62,2.493,2.488
4016,62,2.493,2.488
4018,62,2.498,2.493
4019,62,2.493,2.493
4020,62,2.498,2.498
4022,62,2.498,2.493
4023,62,2.502,2.493
4025,62,2.498,2.493
4026,62,2.498,2.493
4027,62,2.493,2.493
4029,62,2.498,2.493
4034,63,2.493,2.488
4035,63,2.493,2.493
4036,63,2.493,2.488
4038,63,2.493,2.493
4039,63,2.498,2.493
4041,63,2.498,2.493
4045,63,2.498,2.493
4046,63,2.498,2.493
4047,63,2.498,2.493
4049,63,2.498,2.493
4050,63,2.493,2.488
4052,63,2.493,2.488
4058,62,2.493,2.493
4059,62,2.493,2.493
4060,62,2.498,2.493
4062,62,2.498,2.493
4063,62,2.498,2.498
4065,62,2.498,2.493
4066,62,2.498,2.493
4067,62,2.498,2.493
4069,62,2.493,2.488
4070,62,2.493,2.488
4071,62,2.493,2.493
4073,62,2.488,2.488
4074,62,2.493,2.488
4079,63,2.498,2.493
4081,63,2.498,2.493
4082,63,2.498,2.493
4083,63,2.498,2.493
4085,63,2.498,2.493
4086,63,2.498,2.493
4090,63,2.493,2.488
4092,63,2.493,2.488
4093,63,2.493,2.488
4094,63,2.493,2.488
4096,63,2.493,2.488
4102,63,2.498,2.493
4103,63,2.502,2.498
4105,63,2.498,2.493
4106,63,2.498,2.493
4107,63,2.493,2.493
4109,63,2.498,2.493
4110,63,2.493,2.488
4111,63,2.493,2.488
4113,63,2.493,2.488
4114,63,2.493,2.488
4116,63,2.493,2.488
4117,63,2.493,2.493
4118,63,2.493,2.493
4120,63,2.498,2.493
4125,60,2.498,2.493
4126,60,2.498,2.493
4127,60,2.498,2.493
4129,60,2.498,2.493
4130,60,2.493,2.488
4143,60,2.498,2.498
4151,62,2.493,2.493
4152,62,2.493,2.488
4153,62,2.493,2.488
4155,62,2.493,2.488
4156,62,2.493,2.493
4157,62,2.498,2.493
4159,62,2.493,2.493
4160,62,2.498,2.493
4162,62,2.498,2.493
4163,62,2.498,2.498
4164,62,2.498,2.493
4169,61,2.498,2.488
4171,61,2.493,2.488
4172,61,2.488,2.488
4174,61,2.493,2.488
4175,61,2.493,2.488
4176,61,2.493,2.488
4178,61,2.493,2.493
4179,61,2.498,2.493
4180,61,2.498,2.493
4182,61,2.498,2.498
4184,61,2.498,2.498
4186,61,2.498,2.493
4193,63,2.493,2.488
4195,63,2.493,2.488
4196,63,2.493,2.488
4198,63,2.493,2.493
4199,63,2.498,2.493
4200,63,2.498,2.498
4202,63,2.498,2.493
4203,63,2.498,2.498
4204,63,2.498,2.493
4206,63,2.498,2.493
4207,63,2.498,2.493
4209,63,2.498,2.493
4210,63,2.493,2.488
4215,61,2.498,2.493
4216,61,2.493,2.488
4218,61,2.493,2.493
4219,61,2.498,2.493
4220,61,2.498,2.493
4222,61,2.498,2.498
4223,61,2.498,2.493
4226,61,2.498,2.493
4227,61,2.498,2.493
4228,61,2.498,2.493
4230,61,2.493,2.493
4231,61,2.493,2.488
4239,62,2.493,2.493
4240,62,2.498,2.493
4242,62,2.498,2.493
4243,62,2.498,2.498
4244,62,2.498,2.493
4246,62,2.498,2.493
4247,62,2.493,2.493
4248,62,2.493,2.493
4250,62,2.493,2.488
4251,62,2.493,2.488
4253,62,2.488,2.488
4254,62,2.493,2.488
4255,62,2.493,2.488
4260,60,2.498,2.493
4262,60,2.498,2.493
4263,60,2.498,2.498
4265,60,2.498,2.493
4266,60,2.498,2.493
4267,60,2.493,2.493
4270,60,2.493,2.493
4271,60,2.493,2.483
4272,60,2.493,2.488
4274,60,2.493,2.488
4275,60,2.493,2.488
4283,62,2.498,2.498
4284,62,2.498,2.493
4286,62,2.498,2.493
4287,62,2.493,2.493
4289,62,2.493,2.493
4290,62,2.493,2.488
4291,62,2.493,2.488
4293,62,2.493,2.488
4294,62,2.493,2.488
4295,62,2.493,2.488
4297,62,2.493,2.493
4298,62,2.498,2.493
4300,62,2.498,2.493
4305,63,2.498,2.493
4306,63,2.498,2.493
4307,63,2.493,2.493
4309,63,2.493,2.493
4310,63,2.493,2.488
4312,63,2.493,2.488
4314,63,2.493,2.488
4315,63,2.493,2.488
4317,63,2.493,2.488
4318,63,2.493,2.493
4319,63,2.498,2.493
4321,63,2.498,2.493
4329,63,2.493,2.493
4330,63,2.493,2.488
4339,63,2.498,2.493
4343,63,2.502,2.493
4344,63,2.498,2.498
4346,63,2.498,2.498
4351,63,2.498,2.493
4352,63,2.493,2.483
4354,63,2.493,2.488
4356,63,2.493,2.488
4357,63,2.493,2.488
4359,63,2.498,2.493
4360,63,2.498,2.498
4361,63,2.498,2.493
4363,63,2.502,2.498
4364,63,2.498,2.493
4366,63,2.498,2.493
4367,63,2.498,2.493
4368,63,2.493,2.493
4373,63,2.493,2.488
4375,63,2.493,2.488
4376,63,2.493,2.488
4377,63,2.493,2.493
4379,63,2.493,2.493
4383,63,2.498,2.493
4384,63,2.498,2.493
4386,63,2.498,2.493
4387,63,2.498,2.493
4388,63,2.493,2.493
4390,63,2.493,2.488
4395,63,2.493,2.488
4397,63,2.493,2.488
4399,63,2.498,2.493
4400,63,2.498,2.498
4401,63,2.498,2.493
4403,63,2.498,2.498
4404,63,2.502,2.493
4406,63,2.498,2.493
4407,63,2.498,2.493
4408,63,2.493,2.493
4410,63,2.493,2.488
4411,63,2.493,2.493
4412,63,2.493,2.488
4414,63,2.493,2.488
4419,62,2.498,2.493
4420,62,2.498,2.493
4422,62,2.498,2.493
4423,62,2.498,2.493
4427,62,2.493,2.493
4428,62,2.498,2.493
4430,62,2.493,2.488
4431,62,2.493,2.488
4433,62,2.493,2.488
4434,62,2.493,2.488
4435,62,2.493,2.488
4441,62,2.498,2.493
4443,62,2.498,2.498
4444,62,2.498,2.493
4446,62,2.498,2.493
4447,62,2.498,2.493
4448,62,2.498,2.493
4450,62,2.493,2.488
4451,62,2.493,2.493
4452,62,2.493,2.488
4454,62,2.493,2.488
4455,62,2.493,2.488
4456,62,2.493,2.488
4458,62,2.498,2.488
4459,62,2.498,2.493
4464,62,2.498,2.493
4466,62,2.498,2.493
4467,62,2.498,2.493
4468,62,2.498,2.493
4473,62,2.488,2.488
4474,62,2.493,2.488
4475,62,2.493,2.488
4477,62,2.498,2.493
4478,62,2.498,2.493
4479,62,2.498,2.498
4482,62,2.498,2.493
4487,62,2.498,2.493
4488,62,2.498,2.493
4490,62,2.493,2.488
4491,62,2.493,2.488
4492,62,2.493,2.483
4494,62,2.493,2.488
4495,62,2.493,2.488
4496,62,2.493,2.488
4498,62,2.493,2.493
4499,62,2.498,2.493
4501,62,2.498,2.493
4502,62,2.498,2.498
4503,62,2.498,2.493
4508,60,2.498,2.493
4510,60,2.488,2.488
4511,60,2.493,2.488
4513,60,2.493,2.488
4517,60,2.493,2.493
4518,60,2.493,2.493
4519,60,2.498,2.498
4521,60,2.498,2.493
4522,60,2.498,2.498
4536,63,2.493,2.488
4540,63,2.498,2.493
4541,63,2.498,2.493
4543,63,2.498,2.498
4544,63,2.498,2.493
4545,63,2.498,2.493
4547,63,2.493,2.493
4548,63,2.498,2.493
4549,63,2.493,2.488
4555,61,2.493,2.488
4556,61,2.493,2.488
4557,61,2.493,2.493
4559,61,2.498,2.493
4560,61,2.498,2.493
4561,61,2.498,2.493
4563,61,2.498,2.498
4564,61,2.498,2.493
4566,61,2.498,2.498
4568,61,2.498,2.493
4569,61,2.493,2.493
4577,62,2.498,2.493
4578,62,2.498,2.493
4580,62,2.498,2.493
4581,62,2.498,2.493
4583,62,2.498,2.498
4584,62,2.498,2.493
4585,62,2.498,2.493
4587,62,2.498,2.493
4588,62,2.493,2.493
4589,62,2.493,2.488
4591,62,2.493,2.488
4592,62,2.493,2.488
4594,62,2.493,2.488
4599,64,2.498,2.493
4600,64,2.502,2.493
4601,64,2.498,2.493
4603,64,2.498,2.493
4604,64,2.498,2.493
4606,64,2.498,2.493
4607,64,2.498,2.493
4608,64,2.498,2.488
4611,64,2.493,2.488
4612,64,2.493,2.488
4613,64,2.493,2.488
4618,64,2.498,2.493
4623,62,2.498,2.498
4624,62,2.498,2.498
4625,62,2.498,2.493
4627,62,2.498,2.493
4628,62,2.493,2.493
4630,62,2.493,2.488
4631,62,2.493,2.488
4632,62,2.488,2.488
4634,62,2.493,2.488
4635,62,2.493,2.488
4636,62,2.493,2.493
4638,62,2.498,2.493
4639,62,2.498,2.493
4644,61,2.498,2.493
4646,61,2.498,2.493
4647,61,2.498,2.493
4648,61,2.493,2.493
4650,61,2.493,2.488
4651,61,2.493,2.488
4653,61,2.493,2.488
4655,61,2.493,2.488
4656,61,2.493,2.488
4658,61,2.493,2.488
4673,62,2.493,2.488
4675,62,2.493,2.488
4676,62,2.493,2.493
4677,62,2.493,2.493
4679,62,2.498,2.493
4680,62,2.498,2.493
4682,62,2.498,2.493
4683,62,2.498,2.493
4684,62,2.498,2.493
4689,63,2.493,2.488
4691,63,2.498,2.488
4692,63,2.493,2.488
4694,63,2.493,2.488
4696,63,2.493,2.488
4697,63,2.493,2.488
4699,63,2.498,2.493
4700,63,2.498,2.493
4701,63,2.498,2.493
4703,63,2.498,2.498
4704,63,2.498,2.493
4706,63,2.498,2.498
4707,63,2.498,2.493
4712,65,2.493,2.488
4713,65,2.493,2.488
4715,65,2.493,2.488
4719,65,2.493,2.493
4720,65,2.498,2.493
4722,65,2.498,2.493
4723,65,2.498,2.493
4724,65,2.498,2.493
4726,65,2.498,2.493
4727,65,2.493,2.493
4741,62,2.498,2.493
4745,62,2.498,2.493
4746,62,2.498,2.493
4748,62,2.498,2.493
4749,62,2.493,2.493
4750,62,2.493,2.488
4752,62,2.493,2.488
4753,62,2.493,2.488
4758,63,2.498,2.493
4760,63,2.498,2.493
4761,63,2.498,2.493
4762,63,2.502,2.498
4764,63,2.498,2.493
4765,63,2.498,2.493
4766,63,2.498,2.493
4768,63,2.493,2.488
4769,63,2.493,2.493
4773,63,2.493,2.488
4775,63,2.493,2.488
4781,62,2.498,2.493
4782,62,2.498,2.493
4783,62,2.498,2.493
4785,62,2.498,2.493
4786,62,2.498,2.493
4788,62,2.493,2.488
4789,62,2.493,2.488
4790,62,2.493,2.488
4792,62,2.493,2.488
4793,62,2.493,2.488
4794,62,2.493,2.488
4796,62,2.493,2.488
4797,62,2.493,2.493
4799,62,2.493,2.493
4804,62,2.498,2.498
4805,62,2.498,2.493
4806,62,2.498,2.493
4808,62,2.493,2.488
4809,62,2.493,2.488
4811,62,2.493,2.488
4812,62,2.488,2.488
4813,62,2.493,2.488
4817,62,2.493,2.493
4819,62,2.498,2.493
4820,62,2.498,2.493
4826,63,2.498,2.493
4828,63,2.493,2.493
4829,63,2.493,2.493
4830,63,2.493,2.488
4832,63,2.493,2.488
4833,63,2.493,2.488
4835,63,2.493,2.488
4836,63,2.493,2.488
4837,63,2.493,2.493
4839,63,2.498,2.493
4840,63,2.498,2.493
4841,63,2.498,2.498
4843,63,2.498,2.493
4848,61,2.498,2.493
4849,61,2.493,2.488
4851,61,2.493,2.488
4852,61,2.493,2.488
4853,61,2.493,2.488
4855,61,2.493,2.488
4856,61,2.493,2.488
4857,61,2.498,2.493
4859,61,2.498,2.493
4863,61,2.498,2.493
4864,61,2.498,2.493
4867,61,2.498,2.493
4872,63,2.493,2.488
4873,63,2.488,2.488
4874,63,2.493,2.488
4876,63,2.493,2.488
4877,63,2.498,2.493
4879,63,2.498,2.493
4880,63,2.498,2.498
4881,63,2.498,2.493
4883,63,2.498,2.493
4884,63,2.498,2.498
4885,63,2.498,2.493
4887,63,2.498,2.493
4888,63,2.493,2.493
4893,63,2.493,2.488
4895,63,2.493,2.488
4896,63,2.493,2.488
4897,63,2.498,2.493
4899,63,2.498,2.493
4900,63,2.498,2.493
4902,63,2.498,2.498
4903,63,2.498,2.493
4907,63,2.498,2.493
4909,63,2.493,2.488
4911,63,2.488,2.488
4916,62,2.493,2.488
4917,62,2.498,2.488
4919,62,2.493,2.493
4920,62,2.498,2.498
4921,62,2.498,2.493
4923,62,2.498,2.493
4924,62,2.498,2.493
4933,62,2.493,2.488
4941,62,2.498,2.493
4942,62,2.502,2.498
4944,62,2.498,2.493
4945,62,2.498,2.498
4946,62,2.498,2.493
4948,62,2.498,2.493
4949,62,2.493,2.488
4950,62,2.493,2.488
4953,62,2.493,2.488
4954,62,2.493,2.488
4956,62,2.493,2.488
4957,62,2.493,2.493
4962,61,2.502,2.498
4963,61,2.498,2.493
4967,61,2.498,2.493
4969,61,2.493,2.488
4970,61,2.493,2.488
4972,61,2.493,2.488
4973,61,2.493,2.488
4974,61,2.493,2.488
4976,61,2.493,2.493
4977,61,2.493,2.493
4978,61,2.498,2.493
4984,62,2.498,2.493
4985,62,2.498,2.493
4986,62,2.498,2.493
4988,62,2.493,2.493
4989,62,2.493,2.488
4990,62,2.493,2.488
4992,62,2.493,2.483
4994,62,2.493,2.488
4996,62,2.493,2.488
4997,62,2.493,2.493
4998,62,2.493,2.493
5000,62,2.498,2.493
5001,62,2.498,2.493
5006,63,2.498,2.493
5007,63,2.498,2.493
5012,63,2.493,2.488
5013,63,2.493,2.488
5014,63,2.493,2.488
5016,63,2.493,2.488
5017,63,2.498,2.488
5018,63,2.498,2.493
5020,63,2.498,2.498
5021,63,2.498,2.493
5023,63,2.498,2.493
5024,63,2.498,2.493
5029,60,2.493,2.488
5030,60,2.493,2.488
5032,60,2.493,2.488
5033,60,2.493,2.488
5035,60,2.493,2.488
5037,60,2.493,2.493
5038,60,2.498,2.493
5040,60,2.498,2.498
5041,60,2.498,2.493
5042,60,2.502,2.498
5044,60,2.498,2.493
5045,60,2.498,2.493
5046,60,2.493,2.493
5052,63,2.493,2.488
5056,63,2.493,2.488
5057,63,2.498,2.493
5058,63,2.498,2.493
5060,63,2.498,2.493
5061,63,2.498,2.493
5063,63,2.498,2.493
5064,63,2.498,2.493
5065,63,2.498,2.493
5067,63,2.493,2.493
5068,63,2.498,2.493
5069,63,2.493,2.488
5075,63,2.493,2.488
5076,63,2.493,2.493
5077,63,2.498,2.493
5080,63,2.498,2.493
5081,63,2.498,2.493
5082,63,2.502,2.498
5084,63,2.498,2.493
5085,63,2.498,2.493
5086,63,2.498,2.493
5088,63,2.498,2.493
5089,63,2.493,2.493
5091,63,2.493,2.488
5092,63,2.493,2.488
5097,62,2.498,2.493
5101,62,2.498,2.493
5103,62,2.498,2.493
5104,62,2.498,2.493
5105,62,2.498,2.493
5107,62,2.498,2.493
5108,62,2.498,2.493
5109,62,2.493,2.488
5111,62,2.493,2.488
5112,62,2.488,2.488
5114,62,2.493,2.488
5119,62,2.498,2.493
5120,62,2.498,2.493
5130,62,2.493,2.488
5134,62,2.493,2.488
5135,62,2.493,2.488
5137,62,2.493,2.493
5142,62,2.502,2.498
5143,62,2.498,2.498
5145,62,2.498,2.493
5146,62,2.493,2.493
5147,62,2.493,2.493
5149,62,2.493,2.488
5150,62,2.493,2.488
5151,62,2.493,2.488
5156,62,2.493,2.488
5157,62,2.493,2.493
5158,62,2.498,2.493
5160,62,2.498,2.493
5166,60,2.498,2.493
5167,60,2.493,2.493
5168,60,2.498,2.493
5170,60,2.493,2.488
5171,60,2.493,2.488
5173,60,2.488,2.488
5174,60,2.493,2.488
5175,60,2.493,2.488
5177,60,2.493,2.493
5178,60,2.493,2.493
5179,60,2.498,2.493
5181,60,2.498,2.493
5182,60,2.498,2.498
5187,60,2.498,2.493
5189,60,2.493,2.488
5190,60,2.493,2.493
5191,60,2.493,2.488
5193,60,2.493,2.488
5194,60,2.493,2.488
5196,60,2.493,2.488
5200,60,2.498,2.493
5201,60,2.498,2.493
5202,60,2.498,2.493
5204,60,2.498,2.493
5205,60,2.498,2.493
5211,63,2.493,2.493
5213,63,2.493,2.488
5214,63,2.493,2.488
5215,63,2.493,2.488
5217,63,2.493,2.488
5218,63,2.493,2.493
5219,63,2.498,2.493
5221,63,2.498,2.493
5222,63,2.498,2.498
5224,63,2.498,2.493
5225,63,2.498,2.493
5226,63,2.498,2.493
5228,63,2.498,2.493
5233,58,2.493,2.488
5234,58,2.493,2.488
5236,58,2.493,2.488
5237,58,2.493,2.493
5238,58,2.498,2.493
5240,58,2.498,2.493
5241,58,2.498,2.498
5245,58,2.498,2.493
5246,58,2.493,2.493
5248,58,2.493,2.493
5250,58,2.493,2.488
5255,63,2.493,2.488
5257,63,2.493,2.493
5258,63,2.498,2.493
5259,63,2.498,2.493
5261,63,2.498,2.493
5262,63,2.498,2.498
5264,63,2.498,2.493
5265,63,2.498,2.493
5266,63,2.498,2.493
5268,63,2.498,2.493
5269,63,2.493,2.488
5270,63,2.493,2.488
5272,63,2.488,2.488
5273,63,2.493,2.488
5278,63,2.498,2.493
5280,63,2.498,2.493
5281,63,2.498,2.493
5282,63,2.498,2.493
5284,63,2.498,2.493
5285,63,2.498,2.493
5289,63,2.493,2.488
5291,63,2.493,2.488
5293,63,2.493,2.488
5294,63,2.493,2.488
5296,63,2.493,2.488
5301,61,2.498,2.493
5302,61,2.498,2.498
5304,61,2.498,2.493
5305,61,2.498,2.498
5306,61,2.498,2.493
5308,61,2.498,2.493
5309,61,2.493,2.488
5310,61,2.493,2.488
5312,61,2.493,2.488
5313,61,2.493,2.488
5326,61,2.498,2.493
5330,61,2.493,2.488
5331,61,2.488,2.483
5333,61,2.493,2.488
5334,61,2.493,2.488
5336,61,2.493,2.493
5338,61,2.498,2.493
5339,61,2.498,2.493
5340,61,2.498,2.493
5346,64,2.498,2.493
5350,64,2.493,2.483
5351,64,2.493,2.488
5352,64,2.493,2.488
5354,64,2.493,2.488
5355,64,2.493,2.488
5357,64,2.493,2.493
5358,64,2.498,2.493
5359,64,2.498,2.493
5361,64,2.498,2.493
5362,64,2.502,2.498
5363,64,2.498,2.493
5368,61,2.498,2.493
5370,61,2.493,2.488
5371,61,2.493,2.488
5373,61,2.493,2.488
5374,61,2.493,2.488
5375,61,2.493,2.488
5378,61,2.493,2.493
5379,61,2.498,2.493
5380,61,2.498,2.493
5382,61,2.498,2.498
5383,61,2.498,2.493
5385,61,2.498,2.493
5386,61,2.498,2.493
5394,62,2.493,2.488
5395,62,2.493,2.488
5397,62,2.498,2.488
5398,62,2.493,2.493
5399,62,2.498,2.493
5401,62,2.498,2.493
5402,62,2.502,2.493
5403,62,2.498,2.493
5405,62,2.498,2.493
5406,62,2.498,2.493
5408,62,2.498,2.488
5409,62,2.493,2.488
5414,63,2.493,2.488
5415,63,2.493,2.488
5417,63,2.498,2.493
5418,63,2.498,2.493
5421,63,2.498,2.493
5422,63,2.498,2.493
5423,63,2.498,2.493
5425,63,2.498,2.493
5426,63,2.498,2.493
5427,63,2.498,2.493
5429,63,2.493,2.488
5430,63,2.493,2.488
5446,62,2.493,2.493
5447,62,2.493,2.493
5449,62,2.493,2.488
5450,62,2.493,2.488
5451,62,2.488,2.488
5453,62,2.493,2.488
5454,62,2.493,2.488
5459,60,2.498,2.493
5461,60,2.498,2.493
5462,60,2.502,2.493
5464,60,2.498,2.493
5466,60,2.498,2.493
5467,60,2.498,2.493
5468,60,2.493,2.493
5470,60,2.493,2.488
5471,60,2.493,2.488
5473,60,2.488,2.488
5474,60,2.493,2.488
5475,60,2.493,2.488
5477,60,2.498,2.493
5482,60,2.502,2.498
5483,60,2.498,2.493
5485,60,2.498,2.493
5486,60,2.498,2.493
5487,60,2.493,2.493
5491,60,2.488,2.483
5493,60,2.493,2.488
5494,60,2.493,2.488
5495,60,2.493,2.488
5497,60,2.498,2.493
5498,60,2.498,2.493
5503,62,2.498,2.498
5506,62,2.498,2.493
5507,62,2.493,2.493
5508,62,2.493,2.493
5510,62,2.493,2.488
5511,62,2.493,2.488
5513,62,2.493,2.488
5514,62,2.493,2.488
5515,62,2.493,2.488
5517,62,2.493,2.493
5518,62,2.498,2.493
5531,59,2.493,2.488
5535,59,2.493,2.488
5536,59,2.493,2.493
5538,59,2.498,2.493
5539,59,2.498,2.493
5540,59,2.498,2.493
5542,59,2.498,2.498
5550,61,2.493,2.488
5552,61,2.488,2.488
5553,61,2.493,2.488
5555,61,2.493,2.488
5556,61,2.493,2.488
5557,61,2.493,2.493
5559,61,2.498,2.493
5560,61,2.498,2.493
5561,61,2.498,2.498
5563,61,2.498,2.493
5564,61,2.498,2.493
5566,61,2.498,2.493
5567,61,2.493,2.493
5572,62,2.493,2.488
5573,62,2.493,2.488
5575,62,2.493,2.488
5576,62,2.493,2.493
5578,62,2.493,2.488
5579,62,2.498,2.493
5580,62,2.498,2.493
5582,62,2.502,2.493
5583,62,2.498,2.493
5584,62,2.498,2.493
5586,62,2.498,2.488
5587,62,2.498,2.488
5596,64,2.493,2.488
5597,64,2.498,2.488
5599,64,2.498,2.488
5600,64,2.498,2.493
5601,64,2.502,2.493
5603,64,2.498,2.493
5604,64,2.498,2.493
5606,64,2.498,2.493
5607,64,2.498,2.488
5608,64,2.498,2.488
5610,64,2.493,2.488
5611,64,2.493,2.488
5612,64,2.493,2.488
5617,58,2.498,2.488
5619,58,2.498,2.493
5620,58,2.498,2.493
5622,58,2.502,2.493
5623,58,2.498,2.493
5624,58,2.498,2.493
5626,58,2.498,2.493
5627,58,2.498,2.493
5628,58,2.493,2.488
5630,58,2.493,2.488
5631,58,2.493,2.488
5640,59,2.498,2.493
5641,59,2.502,2.493
5643,59,2.498,2.493
5644,59,2.498,2.493
5645,59,2.498,2.493
5647,59,2.498,2.488
5648,59,2.493,2.488
5650,59,2.493,2.488
5651,59,2.493,2.488
5652,59,2.493,2.488
5654,59,2.493,2.488
5655,59,2.493,2.488
5656,59,2.493,2.493
5658,59,2.493,2.493
5663,61,2.498,2.498
5664,61,2.498,2.493
5666,61,2.493,2.493
5667,61,2.493,2.493
5668,61,2.493,2.488
5670,61,2.493,2.488
5671,61,2.493,2.488
5673,61,2.493,2.488
5674,61,2.493,2.488
5675,61,2.493,2.488
5680,61,2.498,2.493
5686,61,2.498,2.493
5687,61,2.498,2.493
5688,61,2.493,2.493
5690,61,2.493,2.488
5691,61,2.493,2.488
5692,61,2.493,2.488
5694,61,2.493,2.488
5695,61,2.493,2.488
5697,61,2.498,2.493
5698,61,2.498,2.493
5699,61,2.498,2.493
5701,61,2.498,2.493
5702,61,2.502,2.493
5707,61,2.498,2.493
5709,61,2.493,2.488
5710,61,2.493,2.488
5711,61,2.493,2.483
5713,61,2.493,2.488
5714,61,2.493,2.488
5724,61,2.498,2.493
5732,63,2.493,2.483
5733,63,2.493,2.488
5734,63,2.493,2.488
5736,63,2.493,2.488
5740,63,2.498,2.493
5741,63,2.502,2.498
5743,63,2.498,2.493
5744,63,2.498,2.493
5745,63,2.498,2.493
5747,63,2.498,2.493
5748,63,2.493,2.488
5753,62,2.493,2.488
5755,62,2.493,2.483
5756,62,2.498,2.488
5757,62,2.498,2.488
5759,62,2.502,2.493
5760,62,2.502,2.488
5762,62,2.502,2.493
5764,62,2.502,2.488
5765,62,2.502,2.488
5767,62,2.502,2.483
5768,62,2.502,2.483
5769,62,2.498,2.483
5771,62,2.498,2.483
5776,61,2.498,2.483
5777,61,2.502,2.483
5778,61,2.502,2.483
5780,61,2.502,2.483
5784,61,2.502,2.488
5785,61,2.502,2.488
5787,61,2.502,2.483
5788,61,2.498,2.483
5789,61,2.498,2.483
5791,61,2.493,2.483
5792,61,2.493,2.483
5797,60,2.498,2.493
5799,60,2.502,2.493
5800,60,2.498,2.488
5801,60,2.502,2.493
5803,60,2.498,2.493
5805,60,2.498,2.493
5806,60,2.498,2.493
5808,60,2.493,2.493
5809,60,2.493,2.488
5811,60,2.493,2.488
5812,60,2.488,2.488
5813,60,2.493,2.488
5815,60,2.493,2.488
5816,60,2.493,2.488
5821,63,2.502,2.498
5823,63,2.502,2.493
5824,63,2.498,2.493
5828,63,2.493,2.488
5829,63,2.493,2.488
5831,63,2.493,2.488
5832,63,2.493,2.488
5833,63,2.493,2.488
5835,63,2.493,2.488
5836,63,2.498,2.493
5838,63,2.493,2.493
5843,64,2.502,2.498
5844,64,2.498,2.493
5845,64,2.493,2.488
5848,64,2.493,2.493
5849,64,2.493,2.488
5851,64,2.493,2.488
5852,64,2.488,2.488
5853,64,2.493,2.488
5855,64,2.493,2.488
5856,64,2.493,2.488
5857,64,2.498,2.493
5859,64,2.498,2.498
5860,64,2.498,2.493
5862,64,2.498,2.498
5867,62,2.498,2.493
5868,62,2.493,2.493
5869,62,2.493,2.488
5873,62,2.493,2.488
5875,62,2.493,2.488
5876,62,2.498,2.493
5878,62,2.493,2.493
5879,62,2.498,2.498
5880,62,2.498,2.498
5882,62,2.498,2.498
5883,62,2.498,2.498
5888,63,2.493,2.488
5891,63,2.493,2.483
5892,63,2.488,2.488
5893,63,2.493,2.488
5895,63,2.493,2.488
5896,63,2.493,2.488
5897,63,2.498,2.493
5899,63,2.498,2.493
5900,63,2.498,2.493
5902,63,2.498,2.498
5903,63,2.498,2.493
5904,63,2.498,2.493
5906,63,2.498,2.493
5911,64,2.493,2.488
5920,64,2.498,2.493
5924,64,2.498,2.493
5928,64,2.498,2.488
5934,61,2.493,2.488
5935,61,2.493,2.488
5937,61,2.498,2.488
5938,61,2.498,2.493
5939,61,2.498,2.498
5941,61,2.498,2.493
5942,61,2.502,2.498
5944,61,2.498,2.493
5945,61,2.498,2.493
5946,61,2.493,2.493
5948,61,2.493,2.488
5949,61,2.493,2.488
5950,61,2.493,2.488
5952,61,2.493,2.488
5957,62,2.498,2.488
5958,62,2.498,2.493
5960,62,2.498,2.493
5961,62,2.498,2.498
5962,62,2.498,2.493
5964,62,2.498,2.493
5965,62,2.498,2.493
5967,62,2.493,2.488
5968,62,2.493,2.488
5969,62,2.493,2.488
5973,62,2.493,2.488
5979,64,2.498,2.493
5981,64,2.498,2.493
5982,64,2.498,2.493
5984,64,2.498,2.493
5985,64,2.498,2.493
5986,64,2.498,2.493
5988,64,2.498,2.493
5989,64,2.488,2.488
5990,64,2.493,2.488
5992,64,2.493,2.488
5993,64,2.493,2.488
5995,64,2.493,2.488
5996,64,2.498,2.493
6001,64,2.502,2.498
6002,64,2.498,2.493
6004,64,2.498,2.493
6005,64,2.493,2.488
6007,64,2.493,2.493
6008,64,2.493,2.488
6009,64,2.493,2.488
6011,64,2.493,2.488
6012,64,2.493,2.488
6013,64,2.493,2.488
6018,64,2.498,2.493
6020,64,2.498,2.493
6025,61,2.498,2.498
6026,61,2.498,2.493
6028,61,2.493,2.493
6029,61,2.493,2.488
6030,61,2.493,2.488
6032,61,2.493,2.483
6033,61,2.493,2.488
6035,61,2.493,2.488
6036,61,2.493,2.493
6037,61,2.493,2.493
6039,61,2.498,2.498
6040,61,2.498,2.493
6041,61,2.498,2.498
6047,62,2.498,2.493
6048,62,2.493,2.488
6049,62,2.493,2.488
6051,62,2.493,2.488
6052,62,2.493,2.488
6053,62,2.493,2.488
6055,62,2.493,2.488
6056,62,2.493,2.493
6058,62,2.498,2.493
6063,62,2.498,2.493
6064,62,2.498,2.493
6065,62,2.498,2.493
6070,61,2.493,2.493
6072,61,2.493,2.488
6073,61,2.493,2.488
6075,61,2.493,2.488
6076,61,2.493,2.493
6077,61,2.493,2.493
6079,61,2.498,2.498
6080,61,2.498,2.493
6081,61,2.498,2.493
6083,61,2.498,2.493
6084,61,2.498,2.493
6086,61,2.498,2.493
6087,61,2.498,2.493
6092,63,2.493,2.488
6093,63,2.493,2.488
6095,63,2.493,2.488
6096,63,2.493,2.488
6098,63,2.498,2.493
6099,63,2.498,2.493
6100,63,2.498,2.498
6102,63,2.498,2.493
6104,63,2.498,2.493
6120,60,2.498,2.493
6123,60,2.498,2.493
6125,60,2.498,2.493
6126,60,2.498,2.488
6128,60,2.493,2.488
6129,60,2.493,2.488
6130,60,2.493,2.488
6132,60,2.493,2.488
6137,61,2.498,2.493
6138,61,2.498,2.498
6140,61,2.498,2.493
6141,61,2.502,2.498
6142,61,2.498,2.498
6144,61,2.498,2.493
6146,61,2.498,2.493
6147,61,2.498,2.493
6149,61,2.493,2.488
6150,61,2.493,2.488
6151,61,2.488,2.488
6153,61,2.493,2.488
6154,61,2.493,2.488
6156,61,2.493,2.488
6161,63,2.498,2.498
6162,63,2.502,2.498
6166,63,2.498,2.488
6168,63,2.493,2.493
6169,63,2.488,2.488
6170,63,2.493,2.488
6172,63,2.493,2.488
6173,63,2.493,2.488
6174,63,2.493,2.488
6176,63,2.498,2.493
6177,63,2.498,2.493
6182,61,2.498,2.498
6184,61,2.498,2.493
6185,61,2.498,2.493
6186,61,2.498,2.493
6189,61,2.493,2.488
6190,61,2.493,2.488
6192,61,2.493,2.488
6193,61,2.493,2.488
6194,61,2.493,2.488
6196,61,2.493,2.488
6197,61,2.498,2.488
6198,61,2.498,2.493
6200,61,2.498,2.493
6205,60,2.498,2.498
6206,60,2.493,2.493
6218,60,2.498,2.498
6220,60,2.498,2.498
6221,60,2.498,2.498
6222,60,2.498,2.493
6228,63,2.493,2.493
6229,63,2.493,2.488
6230,63,2.488,2.483
6233,63,2.493,2.488
6234,63,2.493,2.488
6235,63,2.493,2.488
6237,63,2.493,2.493
6238,63,2.498,2.493
6240,63,2.498,2.493
6241,63,2.498,2.493
6242,63,2.498,2.493
6244,63,2.498,2.493
6245,63,2.498,2.493
6250,62,2.493,2.488
6252,62,2.488,2.483
6253,62,2.493,2.488
6254,62,2.493,2.488
6256,62,2.493,2.488
6257,62,2.493,2.493
6258,62,2.498,2.493
6260,62,2.498,2.493
6264,62,2.498,2.493
6265,62,2.498,2.493
6267,62,2.493,2.493
6268,62,2.493,2.488
6274,61,2.493,2.488
6275,61,2.493,2.488
6277,61,2.498,2.493
6278,61,2.493,2.493
6280,61,2.498,2.498
6281,61,2.498,2.498
6282,61,2.498,2.493
6284,61,2.498,2.493
6285,61,2.498,2.493
6286,61,2.493,2.493
6288,61,2.493,2.493
6289,61,2.493,2.488
6291,61,2.493,2.488
6296,65,2.498,2.493
6297,65,2.498,2.493
6298,65,2.498,2.493
6300,65,2.498,2.493
6301,65,2.502,2.498
6303,65,2.498,2.493
6304,65,2.498,2.493
6308,65,2.493,2.488
6309,65,2.493,2.488
6311,65,2.488,2.483
6325,61,2.498,2.493
6328,61,2.493,2.488
6330,61,2.493,2.488
6331,61,2.493,2.488
6333,61,2.493,2.488
6334,61,2.493,2.488
6335,61,2.493,2.493
6340,62,2.498,2.498
6342,62,2.498,2.498
6343,62,2.498,2.498
6344,62,2.498,2.493
6346,62,2.498,2.493
6347,62,2.493,2.493
6349,62,2.488,2.488
6350,62,2.493,2.488
6351,62,2.493,2.488
6353,62,2.488,2.488
6354,62,2.488,2.488
6355,62,2.493,2.493
6357,62,2.498,2.493
6358,62,2.498,2.498
6364,65,2.498,2.498
6368,65,2.493,2.488
6370,65,2.493,2.488
6371,65,2.488,2.488
6373,65,2.493,2.488
6374,65,2.493,2.488
6375,65,2.493,2.488
6377,65,2.493,2.493
6378,65,2.498,2.493
6379,65,2.498,2.493
6381,65,2.498,2.498
6386,64,2.498,2.493
6387,64,2.493,2.493
6389,64,2.493,2.488
6390,64,2.493,2.488
6391,64,2.488,2.483
6393,64,2.493,2.488
6394,64,2.493,2.488
6396,64,2.493,2.493
6397,64,2.498,2.493
6398,64,2.498,2.498
6400,64,2.498,2.493
6402,64,2.502,2.498
6403,64,2.498,2.493
6408,64,2.493,2.488
6412,64,2.493,2.488
6414,64,2.493,2.488
6415,64,2.498,2.488
6417,64,2.493,2.493
6418,64,2.498,2.493
6419,64,2.498,2.493
6421,64,2.502,2.498
6422,64,2.502,2.493
6423,64,2.498,2.493
6425,64,2.498,2.493
6426,64,2.493,2.493
6431,64,2.493,2.488
6433,64,2.493,2.488
6434,64,2.493,2.488
6435,64,2.493,2.493
6437,64,2.493,2.493
6438,64,2.498,2.493
6440,64,2.498,2.493
6441,64,2.498,2.498
6442,64,2.498,2.493
6445,64,2.498,2.493
6446,64,2.493,2.493
6447,64,2.498,2.493
6449,64,2.493,2.488
6457,63,2.498,2.493
6458,63,2.498,2.493
6459,63,2.498,2.493
6461,63,2.502,2.498
6462,63,2.498,2.498
6463,63,2.498,2.493
6465,63,2.498,2.493
6466,63,2.498,2.493
6468,63,2.493,2.488
6469,63,2.493,2.488
6470,63,2.488,2.488
6472,63,2.493,2.488
6477,62,2.498,2.493
6478,62,2.498,2.493
6480,62,2.498,2.493
6481,62,2.502,2.498
6482,62,2.498,2.493
6484,62,2.498,2.493
6485,62,2.498,2.493
6486,62,2.498,2.493
6489,62,2.493,2.488
6490,62,2.493,2.488
6492,62,2.488,2.488
6493,62,2.493,2.488
6494,62,2.493,2.488
6502,62,2.498,2.498
6503,62,2.498,2.493
6505,62,2.498,2.493
6506,62,2.493,2.493
6508,62,2.493,2.488
6517,62,2.498,2.493
6524,63,2.498,2.493
6526,63,2.498,2.493
6527,63,2.493,2.493
6528,63,2.493,2.488
6531,63,2.493,2.488
6532,63,2.493,2.488
6534,63,2.493,2.488
6535,63,2.493,2.488
6536,63,2.493,2.493
6538,63,2.498,2.493
6539,63,2.498,2.498
6544,65,2.498,2.498
6546,65,2.498,2.493
6547,65,2.498,2.493
6548,65,2.493,2.488
6550,65,2.493,2.488
6551,65,2.488,2.488
6552,65,2.493,2.488
6556,65,2.498,2.493
6558,65,2.502,2.493
6559,65,2.498,2.493
6561,65,2.498,2.498
6562,65,2.498,2.498
6567,61,2.493,2.493
6568,61,2.493,2.488
6570,61,2.488,2.488
6571,61,2.488,2.488
6574,61,2.493,2.488
6575,61,2.493,2.488
6576,61,2.493,2.493
6578,61,2.493,2.493
6579,61,2.498,2.493
6580,61,2.498,2.493
6582,61,2.498,2.498
6583,61,2.498,2.493
6585,61,2.498,2.493
6590,63,2.493,2.488
6591,63,2.488,2.483
6592,63,2.493,2.488
6594,63,2.493,2.488
6595,63,2.493,2.493
6596,63,2.498,2.493
6598,63,2.498,2.498
6602,63,2.498,2.498
6603,63,2.498,2.493
6605,63,2.498,2.493
6606,63,2.493,2.493
6607,63,2.493,2.488
6613,62,2.493,2.488
6614,62,2.493,2.488
6616,62,2.493,2.493
6618,62,2.498,2.493
6619,62,2.498,2.498
6620,62,2.498,2.493
6622,62,2.498,2.498
6623,62,2.498,2.493
6625,62,2.498,2.493
6626,62,2.498,2.493
6627,62,2.493,2.493
6629,62,2.493,2.483
6630,62,2.493,2.488
6635,64,2.493,2.488
6636,64,2.493,2.493
6638,64,2.498,2.493
6639,64,2.498,2.493
6641,64,2.502,2.498
6642,64,2.498,2.493
6646,64,2.493,2.493
6647,64,2.493,2.488
6649,64,2.493,2.488
6650,64,2.488,2.488
6652,64,2.493,2.488
6658,64,2.498,2.493
6659,64,2.498,2.498
6660,64,2.498,2.493
6662,64,2.498,2.498
6663,64,2.498,2.493
6664,64,2.498,2.493
6666,64,2.498,2.493
6667,64,2.493,2.493
6669,64,2.493,2.488
6670,64,2.493,2.488
6671,64,2.488,2.483
6673,64,2.493,2.488
6674,64,2.493,2.488
6675,64,2.493,2.493
6681,64,2.502,2.498
6682,64,2.498,2.493
6683,64,2.498,2.498
6685,64,2.498,2.493
6686,64,2.493,2.493
6690,64,2.488,2.488
6692,64,2.493,2.488
6693,64,2.493,2.488
6694,64,2.493,2.488
6696,64,2.493,2.493
6697,64,2.498,2.493
6703,63,2.498,2.493
6704,63,2.498,2.493
6714,63,2.493,2.488
6717,63,2.498,2.493
6719,63,2.498,2.493
6720,63,2.498,2.498
6725,64,2.498,2.493
6727,64,2.498,2.493
6728,64,2.493,2.488
6729,64,2.493,2.488
6731,64,2.488,2.488
6732,64,2.493,2.488
6734,64,2.493,2.488
6735,64,2.498,2.493
6736,64,2.493,2.488
6738,64,2.498,2.498
6739,64,2.498,2.493
6740,64,2.502,2.498
6742,64,2.498,2.498
6751,67,2.493,2.488
6752,67,2.493,2.488
6753,67,2.493,2.488
6755,67,2.493,2.488
6756,67,2.493,2.493
6758,67,2.498,2.493
6759,67,2.498,2.493
6760,67,2.498,2.498
6762,67,2.498,2.493
6763,67,2.498,2.493
6764,67,2.498,2.493
6766,67,2.493,2.493
6771,65,2.493,2.488
6772,65,2.493,2.488
6774,65,2.493,2.488
6775,65,2.493,2.488
6776,65,2.498,2.493
6778,65,2.498,2.493
6779,65,2.498,2.493
6780,65,2.498,2.498
6782,65,2.498,2.498
6783,65,2.498,2.498
6786,65,2.493,2.488
6787,65,2.493,2.493
6795,61,2.493,2.488
6796,61,2.498,2.493
6798,61,2.498,2.493
6799,61,2.498,2.498
6800,61,2.498,2.498
6802,61,2.498,2.498
6803,61,2.498,2.493
6804,61,2.498,2.493
6806,61,2.493,2.493
6807,61,2.493,2.493
6809,61,2.488,2.488
6810,61,2.493,2.488
6811,61,2.488,2.488
6816,61,2.498,2.493
6818,61,2.498,2.498
6819,61,2.498,2.493
6820,61,2.502,2.498
6822,61,2.498,2.498
6823,61,2.498,2.493
6825,61,2.498,2.493
6826,61,2.493,2.493
6827,61,2.493,2.488
6830,61,2.493,2.488
6831,61,2.488,2.488
6839,62,2.498,2.493
6840,62,2.498,2.498
6842,62,2.498,2.498
6843,62,2.498,2.498
6844,62,2.498,2.498
6846,62,2.493,2.493
6847,62,2.493,2.493
6849,62,2.493,2.488
6850,62,2.493,2.488
6851,62,2.493,2.483
6853,62,2.493,2.488
6854,62,2.493,2.488
6855,62,2.493,2.493
6860,63,2.507,2.498
6862,63,2.498,2.498
6863,63,2.498,2.493
6865,63,2.493,2.493
6866,63,2.493,2.493
6867,63,2.493,2.488
6869,63,2.493,2.488
6870,63,2.488,2.488
6872,63,2.493,2.488
6874,63,2.493,2.488
6875,63,2.493,2.488
6877,63,2.493,2.493
6884,66,2.498,2.493
6886,66,2.493,2.493
6887,66,2.493,2.493
6889,66,2.488,2.488
6890,66,2.493,2.488
6891,66,2.488,2.488
6893,66,2.493,2.488
6894,66,2.488,2.488
6895,66,2.498,2.488
6897,66,2.498,2.493
6910,63,2.493,2.488
6914,63,2.493,2.488
6916,63,2.493,2.493
6917,63,2.493,2.493
6919,63,2.498,2.498
6920,63,2.498,2.493
6921,63,2.502,2.498
6923,63,2.498,2.493
6924,63,2.498,2.498
6929,61,2.493,2.488
6931,61,2.488,2.488
6932,61,2.493,2.488
6933,61,2.493,2.488
6935,61,2.493,2.488
6939,61,2.498,2.493
6940,61,2.502,2.498
6941,61,2.498,2.493
6943,61,2.498,2.493
6944,61,2.498,2.493
6946,61,2.493,2.493
6951,64,2.493,2.488
6952,64,2.493,2.488
6953,64,2.493,2.488
6955,64,2.493,2.493
6957,64,2.498,2.493
6959,64,2.498,2.493
6960,64,2.498,2.493
6961,64,2.498,2.493
6963,64,2.498,2.498
6964,64,2.498,2.493
6965,64,2.498,2.493
6967,64,2.493,2.493
6968,64,2.493,2.488
6970,64,2.493,2.488
6975,63,2.493,2.493
6976,63,2.493,2.493
6977,63,2.498,2.493
6979,63,2.498,2.493
6980,63,2.502,2.498
6996,63,2.498,2.493
6997,63,2.498,2.493
7000,63,2.498,2.493
7001,63,2.502,2.498
7002,63,2.498,2.493
7004,63,2.498,2.493
7005,63,2.498,2.493
7006,63,2.493,2.493
7008,63,2.493,2.488
7009,63,2.493,2.488
7011,63,2.493,2.483
7012,63,2.493,2.488
7013,63,2.493,2.488
7015,63,2.493,2.488
7020,64,2.502,2.498
7021,64,2.498,2.493
7023,64,2.498,2.498
7024,64,2.498,2.498
7025,64,2.493,2.493
7027,64,2.493,2.488
7028,64,2.488,2.488
7029,64,2.493,2.488
7031,64,2.488,2.488
7032,64,2.493,2.488
7036,64,2.493,2.493
7042,62,2.498,2.498
7044,62,2.498,2.493
7045,62,2.498,2.493
7046,62,2.498,2.493
7048,62,2.493,2.488
7049,62,2.493,2.488
7051,62,2.488,2.488
7052,62,2.493,2.488
7053,62,2.493,2.488
7055,62,2.493,2.488
7056,62,2.493,2.493
7057,62,2.498,2.493
7059,62,2.498,2.498
7060,62,2.498,2.498
7065,64,2.498,2.493
7067,64,2.493,2.493
7068,64,2.493,2.488
7069,64,2.493,2.488
7071,64,2.488,2.488
7072,64,2.493,2.488
7074,64,2.493,2.488
7075,64,2.498,2.493
7076,64,2.498,2.493
7080,64,2.502,2.498
7082,64,2.498,2.498
7088,62,2.493,2.488
7089,62,2.493,2.488
7091,62,2.488,2.483
7092,62,2.493,2.488
7093,62,2.493,2.488
7095,62,2.493,2.488
7096,62,2.493,2.493
7097,62,2.498,2.498
7099,62,2.498,2.493
7100,62,2.502,2.498
7102,62,2.498,2.498
7115,63,2.493,2.488
7118,63,2.498,2.493
7120,63,2.502,2.498
7121,63,2.498,2.493
7122,63,2.498,2.493
7124,63,2.498,2.493
7125,63,2.493,2.488
7128,63,2.493,2.488
7133,62,2.493,2.488
7134,62,2.493,2.488
7135,62,2.493,2.493
7137,62,2.493,2.493
7141,62,2.502,2.498
7142,62,2.498,2.498
7144,62,2.498,2.498
7145,62,2.493,2.493
7146,62,2.493,2.493
7148,62,2.493,2.488
7149,62,2.493,2.488
7150,62,2.488,2.483
7156,66,2.498,2.493
7157,66,2.498,2.493
7158,66,2.498,2.493
7160,66,2.498,2.498
7161,66,2.498,2.498
7162,66,2.498,2.493
7164,66,2.498,2.498
7165,66,2.498,2.493
7167,66,2.493,2.488
7168,66,2.493,2.488
7170,66,2.493,2.483
7172,66,2.493,2.488
7173,66,2.493,2.488
7178,66,2.498,2.498
7180,66,2.498,2.493
7181,66,2.502,2.498
7185,66,2.493,2.488
7186,66,2.498,2.493
7188,66,2.493,2.488
7189,66,2.493,2.488
7190,66,2.488,2.483
7192,66,2.493,2.488
7193,66,2.493,2.488
7195,66,2.493,2.488
7200,61,2.502,2.498
7201,61,2.498,2.493
7202,61,2.498,2.493
7204,61,2.498,2.493
7205,61,2.498,2.493
7207,61,2.493,2.488
7208,61,2.488,2.488
7209,61,2.493,2.488
7211,61,2.488,2.488
7213,61,2.493,2.488
7214,61,2.493,2.488
7216,61,2.498,2.493
7217,61,2.498,2.493
7219,61,2.502,2.498
7224,63,2.498,2.493
7225,63,2.493,2.493
7229,63,2.493,2.488
7230,63,2.488,2.483
7232,63,2.493,2.488
7233,63,2.493,2.488
7235,63,2.493,2.488
7236,63,2.493,2.493
7237,63,2.498,2.493
7239,63,2.498,2.493
7240,63,2.502,2.498
7245,62,2.498,2.493
7247,62,2.493,2.488
7248,62,2.488,2.488
7249,62,2.493,2.488
7251,62,2.493,2.488
7252,62,2.493,2.488
7253,62,2.493,2.488
7256,62,2.493,2.493
7257,62,2.498,2.493
7259,62,2.502,2.498
7260,62,2.498,2.498
7261,62,2.498,2.498
7263,62,2.498,2.498
7264,62,2.498,2.493
7269,64,2.493,2.488
7270,64,2.488,2.483
7275,64,2.493,2.488
7276,64,2.493,2.493
7277,64,2.498,2.498
7279,64,2.498,2.493
7280,64,2.502,2.498
7281,64,2.498,2.493
7283,64,2.498,2.493
7284,64,2.498,2.488
7286,64,2.493,2.493
7291,60,2.493,2.488
7292,60,2.493,2.488
7293,60,2.493,2.488
7295,60,2.493,2.493
7296,60,2.498,2.493
7299,60,2.498,2.498
7308,60,2.493,2.488
7315,61,2.498,2.493
7317,61,2.498,2.493
7318,61,2.498,2.498
7319,61,2.502,2.493
7321,61,2.498,2.498
7322,61,2.498,2.498
7324,61,2.498,2.498
7325,61,2.498,2.493
7329,61,2.493,2.488
7330,61,2.488,2.488
7335,62,2.498,2.493
7337,62,2.498,2.493
7338,62,2.498,2.493
7341,62,2.498,2.498
7342,62,2.498,2.498
7343,62,2.498,2.493
7345,62,2.498,2.493
7346,62,2.498,2.488
7347,62,2.493,2.488
7349,62,2.493,2.488
7350,62,2.488,2.488
7352,62,2.493,2.488
7353,62,2.493,2.488
7354,62,2.493,2.488
7359,64,2.502,2.498
7361,64,2.502,2.493
7362,64,2.498,2.498
7364,64,2.498,2.493
7365,64,2.498,2.493
7366,64,2.493,2.493
7368,64,2.493,2.488
7369,64,2.493,2.488
7370,64,2.488,2.483
7375,64,2.493,2.488
7376,64,2.493,2.493
7381,61,2.502,2.493
7382,61,2.498,2.493
7385,61,2.498,2.498
7386,61,2.498,2.493
7388,61,2.493,2.488
7389,61,2.493,2.488
7390,61,2.488,2.483
7392,61,2.493,2.488
7393,61,2.493,2.488
7394,61,2.493,2.488
7396,61,2.498,2.493
7397,61,2.498,2.493
7399,61,2.498,2.498
7404,63,2.502,2.493
7405,63,2.493,2.493
7406,63,2.498,2.493
7408,63,2.493,2.488
7409,63,2.493,2.488
7410,63,2.488,2.488
7412,63,2.493,2.488
7413,63,2.493,2.488
7415,63,2.493,2.493
7419,63,2.498,2.493
7420,63,2.498,2.498
7421,63,2.498,2.493
7428,63,2.493,2.488
7429,63,2.488,2.488
7430,63,2.493,2.488
7432,63,2.493,2.488
7433,63,2.493,2.488
7434,63,2.493,2.488
7436,63,2.498,2.493
7437,63,2.498,2.493
7439,63,2.498,2.493
7440,63,2.502,2.498
7441,63,2.498,2.498
7443,63,2.498,2.493
7444,63,2.498,2.493
7449,62,2.493,2.488
7451,62,2.488,2.483
7452,62,2.493,2.488
7453,62,2.493,2.488
7455,62,2.498,2.493
7456,62,2.493,2.493
7457,62,2.498,2.498
7459,62,2.498,2.493
7463,62,2.498,2.493
7464,62,2.498,2.493
7466,62,2.493,2.493
7472,61,2.493,2.488
7473,61,2.493,2.488
7474,61,2.493,2.488
7476,61,2.493,2.493
7477,61,2.498,2.493
7479,61,2.498,2.493
7480,61,2.502,2.498
7481,61,2.498,2.498
7483,61,2.498,2.493
7484,61,2.498,2.498
7485,61,2.493,2.493
7487,61,2.493,2.488
7488,61,2.493,2.488
7490,61,2.493,2.488
7495,63,2.498,2.493
7504,63,2.493,2.493
7508,63,2.493,2.483
7509,63,2.493,2.488
7510,63,2.488,2.488
7513,63,2.493,2.488
7518,63,2.502,2.498
7519,63,2.498,2.493
7523,63,2.498,2.493
7525,63,2.498,2.493
7526,63,2.493,2.493
7527,63,2.493,2.488
7529,63,2.493,2.488
7530,63,2.488,2.483
7532,63,2.493,2.488
7533,63,2.493,2.488
7534,63,2.493,2.488
7539,61,2.502,2.498
7541,61,2.498,2.498
7542,61,2.498,2.493
7544,61,2.498,2.493
7545,61,2.498,2.493
7546,61,2.493,2.493
7548,61,2.493,2.488
7549,61,2.493,2.488
7550,61,2.493,2.483
7552,61,2.493,2.488
7554,61,2.493,2.488
7556,61,2.493,2.493
7557,61,2.498,2.493
7562,61,2.502,2.493
7563,61,2.498,2.498
7568,61,2.493,2.483
7569,61,2.493,2.488
7570,61,2.488,2.483
7572,61,2.493,2.483
7573,61,2.493,2.488
7574,61,2.493,2.488
7576,61,2.493,2.493
7577,61,2.498,2.498
7578,61,2.498,2.493
7580,61,2.502,2.498
7585,63,2.498,2.493
7586,63,2.493,2.488
7588,63,2.488,2.488
7589,63,2.488,2.483
7590,63,2.488,2.488
7592,63,2.493,2.488
7593,63,2.493,2.488
7595,63,2.493,2.493
7597,63,2.498,2.493
7598,63,2.498,2.498
7600,63,2.498,2.498
7601,63,2.502,2.493
7602,63,2.498,2.498
7608,62,2.493,2.488
7609,62,2.493,2.493
7613,62,2.493,2.488
7614,62,2.493,2.493
7616,62,2.498,2.493
7617,62,2.498,2.498
7618,62,2.498,2.493
7620,62,2.502,2.498
7621,62,2.502,2.493
7623,62,2.498,2.493
7624,62,2.498,2.498
7625,62,2.493,2.493
7630,60,2.493,2.488
7632,60,2.493,2.488
7633,60,2.493,2.488
7635,60,2.493,2.488
7636,60,2.498,2.493
7637,60,2.502,2.498
7640,60,2.498,2.498
7641,60,2.502,2.498
7642,60,2.498,2.493
7644,60,2.498,2.498
7645,60,2.498,2.493
7647,60,2.493,2.488
7648,60,2.493,2.488
7653,63,2.493,2.488
7657,63,2.498,2.498
7659,63,2.498,2.498
7660,63,2.502,2.498
7661,63,2.498,2.498
7663,63,2.498,2.493
7664,63,2.493,2.493
7665,63,2.498,2.493
7667,63,2.493,2.488
7668,63,2.493,2.488
7670,63,2.488,2.483
7675,64,2.498,2.493
7676,64,2.498,2.493
7677,64,2.502,2.498
7679,64,2.498,2.498
7680,64,2.502,2.498
7682,64,2.498,2.498
7684,64,2.498,2.498
7685,64,2.498,2.493
7687,64,2.493,2.493
7688,64,2.488,2.488
7701,60,2.498,2.498
7705,60,2.498,2.493
7706,60,2.493,2.493
7707,60,2.493,2.488
7712,60,2.493,2.488
7713,60,2.493,2.488
7714,60,2.493,2.493
7716,60,2.493,2.488
7721,63,2.502,2.498
7722,63,2.498,2.493
7725,63,2.493,2.488
7726,63,2.493,2.493
7727,63,2.493,2.488
7729,63,2.493,2.488
7730,63,2.493,2.488
7731,63,2.493,2.488
7733,63,2.493,2.488
7734,63,2.493,2.488
7735,63,2.493,2.493
7737,63,2.498,2.493
7738,63,2.498,2.498
7743,65,2.502,2.493
7745,65,2.493,2.493
7746,65,2.493,2.493
7747,65,2.493,2.488
7749,65,2.493,2.488
7750,65,2.488,2.488
7752,65,2.493,2.488
7753,65,2.493,2.488
7770,63,2.493,2.488
7771,63,2.493,2.488
7772,63,2.493,2.488
7774,63,2.493,2.488
7775,63,2.498,2.488
7777,63,2.498,2.493
7778,63,2.498,2.498
7779,63,2.498,2.498
7781,63,2.502,2.498
7782,63,2.498,2.498
7783,63,2.498,2.493
7789,63,2.493,2.488
7790,63,2.488,2.483
7791,63,2.493,2.488
7793,63,2.493,2.488
7794,63,2.493,2.493
7795,63,2.493,2.493
7797,63,2.498,2.493
7798,63,2.498,2.493
7800,63,2.502,2.498
7801,63,2.498,2.498
7802,63,2.498,2.493
7804,63,2.493,2.493
7805,63,2.498,2.493
7814,64,2.493,2.488
7815,64,2.498,2.493
7817,64,2.498,2.493
7818,64,2.498,2.498
7819,64,2.498,2.498
7821,64,2.498,2.498
7822,64,2.498,2.493
7824,64,2.498,2.498
7825,64,2.498,2.493
7826,64,2.498,2.493
7828,64,2.493,2.483
7829,64,2.493,2.488
7834,62,2.493,2.493
7835,62,2.498,2.493
7837,62,2.498,2.493
7838,62,2.498,2.493
7840,62,2.502,2.498
7841,62,2.498,2.493
7842,62,2.498,2.493
7844,62,2.498,2.493
7845,62,2.493,2.493
7846,62,2.493,2.488
7848,62,2.493,2.488
7849,62,2.493,2.483
7858,61,2.502,2.498
7859,61,2.498,2.498
7861,61,2.498,2.498
7862,61,2.498,2.493
7864,61,2.498,2.498
7865,61,2.493,2.493
7866,61,2.493,2.493
7868,61,2.493,2.488
7869,61,2.493,2.488
7870,61,2.488,2.483
7872,61,2.488,2.488
7873,61,2.493,2.488
7878,61,2.498,2.498
7880,61,2.502,2.498
7881,61,2.498,2.493
7882,61,2.498,2.493
7884,61,2.498,2.493
7885,61,2.498,2.493
7886,61,2.493,2.488
7888,61,2.493,2.488
7889,61,2.488,2.488
7891,61,2.493,2.488
7892,61,2.493,2.488
7906,65,2.498,2.493
7910,65,2.493,2.488
7914,65,2.493,2.488
7915,65,2.498,2.493
7917,65,2.498,2.493
7918,65,2.498,2.498
7919,65,2.498,2.498
7924,62,2.498,2.493
7926,62,2.493,2.493
7927,62,2.493,2.483
7929,62,2.493,2.488
7930,62,2.488,2.483
7931,62,2.493,2.488
7933,62,2.493,2.488
7934,62,2.493,2.493
7935,62,2.498,2.493
7938,62,2.498,2.493
7939,62,2.498,2.493
7941,62,2.502,2.498
7942,62,2.502,2.493
7947,63,2.493,2.488
7948,63,2.493,2.488
7950,63,2.488,2.483
7951,63,2.493,2.488
7952,63,2.493,2.488
7954,63,2.493,2.488
7958,63,2.498,2.493
7959,63,2.502,2.498
7961,63,2.498,2.498
7962,63,2.498,2.493
7963,63,2.498,2.498
7965,63,2.493,2.493
7970,65,2.488,2.483
7971,65,2.493,2.488
7973,65,2.493,2.488
7974,65,2.493,2.493
7975,65,2.498,2.493
7977,65,2.498,2.493
7978,65,2.498,2.493
7979,65,2.502,2.498
7982,65,2.498,2.498
7983,65,2.498,2.498
7985,65,2.498,2.493
7986,65,2.493,2.493
7987,65,2.493,2.488
7992,64,2.493,2.488
7994,64,2.493,2.488
7995,64,2.493,2.493
7997,64,2.498,2.493
7998,64,2.498,2.498
7999,64,2.502,2.498
8003,64,2.498,2.493
8005,64,2.493,2.493
8006,64,2.493,2.493
8008,64,2.488,2.488
8009,64,2.488,2.488
8014,61,2.493,2.493
8015,61,2.498,2.493
8017,61,2.498,2.493
8018,61,2.498,2.493
8020,61,2.502,2.498
8021,61,2.498,2.493
8022,61,2.498,2.493
8025,61,2.498,2.493
8026,61,2.493,2.493
8027,61,2.493,2.488
8029,61,2.493,2.493
8030,61,2.488,2.483
8032,61,2.493,2.488
8033,61,2.493,2.488
8038,64,2.498,2.498
8039,64,2.502,2.498
8041,64,2.498,2.498
8042,64,2.498,2.493
8044,64,2.498,2.493
8048,64,2.493,2.488
8049,64,2.493,2.488
8050,64,2.488,2.488
8052,64,2.493,2.488
8053,64,2.493,2.488
8054,64,2.493,2.493
8060,63,2.498,2.498
8061,63,2.498,2.498
8062,63,2.498,2.498
8064,63,2.493,2.493
8066,63,2.498,2.493
8067,63,2.493,2.488
8069,63,2.493,2.493
8070,63,2.488,2.488
8072,63,2.493,2.488
8073,63,2.493,2.488
8074,63,2.493,2.488
8076,63,2.498,2.493
8077,63,2.498,2.498
8082,62,2.498,2.493
8084,62,2.498,2.493
8085,62,2.498,2.488
8086,62,2.493,2.493
8088,62,2.493,2.488
8092,62,2.493,2.488
8119,64,2.502,2.498
8123,64,2.498,2.493
8128,65,2.493,2.488
8129,65,2.488,2.488
8131,65,2.488,2.488
8132,65,2.493,2.488
8133,65,2.493,2.488
8135,65,2.498,2.493
8136,65,2.498,2.493
8138,65,2.498,2.493
8139,65,2.498,2.498
8140,65,2.498,2.498
8142,65,2.498,2.493
8143,65,2.498,2.493
8145,65,2.493,2.493
8150,63,2.493,2.488
8152,63,2.493,2.488
8153,63,2.493,2.488
8155,63,2.493,2.493
8156,63,2.498,2.493
8157,63,2.498,2.498
8159,63,2.498,2.493
8160,63,2.502,2.502
8162,63,2.498,2.493
8166,63,2.498,2.493
8167,63,2.493,2.488
8168,63,2.493,2.488
8174,64,2.493,2.488
8175,64,2.493,2.488
8176,64,2.498,2.493
8178,64,2.498,2.498
8179,64,2.498,2.498
8180,64,2.498,2.493
8182,64,2.498,2.493
8183,64,2.498,2.493
8185,64,2.498,2.493
8186,64,2.493,2.493
8187,64,2.493,2.488
8189,64,2.488,2.488
8190,64,2.493,2.488
8196,62,2.498,2.493
8197,62,2.498,2.498
8199,62,2.498,2.493
8200,62,2.498,2.498
8202,62,2.498,2.493
8203,62,2.498,2.493
8204,62,2.498,2.493
8206,62,2.493,2.493
8210,62,2.488,2.488
8211,62,2.493,2.488
8213,62,2.493,2.488
8218,62,2.498,2.498
8219,62,2.502,2.498
8220,62,2.498,2.498
8222,62,2.498,2.493
8223,62,2.498,2.493
8225,62,2.493,2.493
8226,62,2.493,2.488
8227,62,2.488,2.488
8229,62,2.493,2.488
8230,62,2.493,2.488
8231,62,2.493,2.488
8233,62,2.493,2.488
8234,62,2.498,2.488
8237,62,2.498,2.493
8242,64,2.498,2.498
8243,64,2.498,2.493
8244,64,2.498,2.493
8246,64,2.498,2.493
8247,64,2.493,2.488
8249,64,2.493,2.488
8250,64,2.488,2.483
8254,64,2.493,2.488
8255,64,2.493,2.493
8257,64,2.502,2.493
8258,64,2.498,2.493
8263,64,2.498,2.493
8265,64,2.493,2.493
8266,64,2.493,2.493
8267,64,2.493,2.488
8269,64,2.493,2.488
8270,64,2.488,2.488
8271,64,2.493,2.488
8273,64,2.493,2.488
8274,64,2.498,2.488
8276,64,2.498,2.493
8277,64,2.498,2.493
8278,64,2.498,2.498
8281,64,2.502,2.493
8286,63,2.498,2.493
8287,63,2.493,2.488
8289,63,2.493,2.488
8290,63,2.488,2.483
8291,63,2.493,2.488
8293,63,2.493,2.488
8294,63,2.493,2.493
8295,63,2.498,2.493
8299,63,2.502,2.498
8301,63,2.498,2.498
8302,63,2.498,2.493
8315,63,2.498,2.493
8319,63,2.502,2.498
8320,63,2.498,2.498
8323,63,2.498,2.493
8324,63,2.498,2.493
8325,63,2.498,2.493
8327,63,2.493,2.488
8332,61,2.493,2.488
8333,61,2.493,2.488
8335,61,2.493,2.493
8336,61,2.498,2.493
8337,61,2.502,2.498
8339,61,2.498,2.498
8340,61,2.502,2.498
8342,61,2.502,2.493
8343,61,2.498,2.493
8344,61,2.498,2.493
8346,61,2.493,2.488
8347,61,2.493,2.483
8348,61,2.493,2.488
8353,64,2.498,2.488
8358,64,2.498,2.493
8359,64,2.502,2.498
8360,64,2.498,2.493
8362,64,2.498,2.493
8363,64,2.498,2.488
8365,64,2.493,2.488
8367,64,2.493,2.488
8368,64,2.493,2.488
8370,64,2.488,2.488
8371,64,2.493,2.488
8372,64,2.493,2.488
8377,61,2.502,2.498
8379,61,2.498,2.493
8380,61,2.498,2.498
8382,61,2.498,2.493
8383,61,2.498,2.493
8384,61,2.493,2.493
8386,61,2.493,2.488
8387,61,2.493,2.488
8388,61,2.493,2.488
8390,61,2.493,2.488
8391,61,2.493,2.488
8393,61,2.493,2.488
8394,61,2.493,2.493
8399,63,2.502,2.498
8403,63,2.498,2.493
8405,63,2.498,2.493
8406,63,2.493,2.488
8408,63,2.493,2.488
8410,63,2.488,2.488
8411,63,2.493,2.488
8412,63,2.493,2.488
8414,63,2.493,2.488
8415,63,2.493,2.488
8416,63,2.498,2.493
8422,64,2.502,2.498
8423,64,2.498,2.493
8424,64,2.498,2.493
8426,64,2.493,2.493
8427,64,2.493,2.488
8428,64,2.493,2.488
8430,64,2.488,2.483
8431,64,2.493,2.488
8433,64,2.493,2.488
8434,64,2.493,2.493
8435,64,2.493,2.493
8437,64,2.498,2.493
8438,64,2.498,2.493
8439,64,2.502,2.498
8447,63,2.493,2.488
8450,63,2.488,2.483
8451,63,2.493,2.488
8452,63,2.493,2.488
8454,63,2.493,2.488
8455,63,2.493,2.493
8456,63,2.498,2.493
8458,63,2.498,2.498
8459,63,2.502,2.498
8461,63,2.502,2.493
8462,63,2.498,2.493
8467,63,2.493,2.488
8468,63,2.493,2.488
8470,63,2.488,2.488
8471,63,2.493,2.488
8473,63,2.493,2.488
8474,63,2.493,2.493
8475,63,2.498,2.493
8477,63,2.498,2.498
8478,63,2.498,2.493
8479,63,2.502,2.498
8481,63,2.498,2.493
8482,63,2.498,2.498
8484,63,2.498,2.493
8491,64,2.493,2.488
8494,64,2.493,2.488
8495,64,2.493,2.493
8497,64,2.498,2.493
8498,64,2.502,2.493
8499,64,2.502,2.498
8512,65,2.493,2.488
8516,65,2.498,2.493
8517,65,2.498,2.498
8519,65,2.498,2.498
8520,65,2.498,2.498
8521,65,2.498,2.493
8523,65,2.498,2.493
8524,65,2.498,2.493
8526,65,2.493,2.488
8527,65,2.493,2.488
8528,65,2.493,2.488
8530,65,2.493,2.483
8536,63,2.498,2.488
8537,63,2.498,2.498
8539,63,2.498,2.493
8540,63,2.502,2.498
8541,63,2.498,2.498
8543,63,2.498,2.498
8544,63,2.493,2.493
8560,61,2.502,2.498
8561,61,2.498,2.493
8563,61,2.498,2.493
8564,61,2.498,2.493
8565,61,2.498,2.488
8567,61,2.488,2.483
8568,61,2.493,2.488
8569,61,2.493,2.483
8571,61,2.493,2.483
8572,61,2.493,2.483
8574,61,2.493,2.488
8575,61,2.498,2.488
8581,64,2.502,2.493
8582,64,2.502,2.493
8584,64,2.493,2.488
8585,64,2.498,2.488
8587,64,2.498,2.488
8588,64,2.493,2.483
8589,64,2.488,2.483
8591,64,2.493,2.483
8592,64,2.493,2.488
8593,64,2.493,2.488
8595,64,2.498,2.493
8596,64,2.498,2.493
8604,63,2.498,2.493
8605,63,2.493,2.488
8607,63,2.493,2.483
8608,63,2.493,2.488
8609,63,2.493,2.483
8611,63,2.493,2.488
8612,63,2.493,2.488
8614,63,2.498,2.493
8615,63,2.498,2.493
8616,63,2.502,2.493
8618,63,2.498,2.493
8619,63,2.502,2.498
8625,63,2.498,2.493
8627,63,2.493,2.488
8628,63,2.493,2.488
8629,63,2.488,2.488
8631,63,2.493,2.488
8632,63,2.493,2.488
8633,63,2.493,2.488
8635,63,2.493,2.493
8636,63,2.498,2.493
8638,63,2.502,2.493
8639,63,2.502,2.498
8640,63,2.498,2.498
8642,63,2.498,2.493
8649,60,2.493,2.488
8651,60,2.493,2.488
8652,60,2.493,2.488
8654,60,2.493,2.493
8655,60,2.493,2.493
8656,60,2.498,2.498
8658,60,2.498,2.493
8659,60,2.502,2.498
8660,60,2.498,2.498
8662,60,2.498,2.498
8664,60,2.498,2.493
8666,60,2.493,2.493
8671,64,2.493,2.488
8672,64,2.493,2.488
8673,64,2.493,2.488
8675,64,2.493,2.493
8676,64,2.493,2.493
8678,64,2.498,2.498
8679,64,2.502,2.498
8680,64,2.498,2.493
8682,64,2.498,2.493
8683,64,2.498,2.493
8684,64,2.498,2.493
8686,64,2.493,2.493
8694,61,2.493,2.493
8695,61,2.493,2.493
8696,61,2.498,2.498
8698,61,2.498,2.493
8699,61,2.502,2.498
8700,61,2.498,2.493
8702,61,2.498,2.498
8703,61,2.493,2.493
8717,65,2.502,2.498
8721,65,2.502,2.493
8722,65,2.498,2.498
8724,65,2.493,2.493
8725,65,2.493,2.493
8726,65,2.493,2.488
8728,65,2.493,2.488
8729,65,2.488,2.483
8731,65,2.493,2.488
8732,65,2.493,2.488
8733,65,2.493,2.488
8738,65,2.502,2.498
8740,65,2.502,2.498
8741,65,2.498,2.493
8743,65,2.498,2.493
8744,65,2.498,2.493
8749,65,2.488,2.488
8750,65,2.488,2.488
8752,65,2.493,2.488
8753,65,2.493,2.493
8755,65,2.493,2.493
8756,65,2.498,2.493
8761,61,2.502,2.498
8762,61,2.498,2.498
8764,61,2.498,2.493
8765,61,2.493,2.493
8766,61,2.493,2.488
8768,61,2.493,2.488
8769,61,2.488,2.483
8771,61,2.493,2.488
8772,61,2.493,2.488
8773,61,2.493,2.488
8775,61,2.493,2.493
8776,61,2.498,2.493
8777,61,2.498,2.493
8779,61,2.502,2.498
8784,62,2.498,2.493
8785,62,2.493,2.488
8787,62,2.488,2.488
8788,62,2.493,2.488
8789,62,2.493,2.483
8794,62,2.493,2.493
8796,62,2.498,2.493
8797,62,2.502,2.498
8799,62,2.498,2.493
8800,62,2.502,2.498
8801,62,2.498,2.498
8806,63,2.493,2.488
8808,63,2.493,2.488
8809,63,2.488,2.483
8811,63,2.493,2.488
8812,63,2.493,2.488
8813,63,2.493,2.488
8815,63,2.498,2.493
8816,63,2.498,2.493
8817,63,2.498,2.493
8819,63,2.502,2.498
8820,63,2.498,2.498
8822,63,2.498,2.498
8823,63,2.498,2.493
8828,61,2.493,2.488
8829,61,2.488,2.488
8831,61,2.493,2.488
8832,61,2.493,2.488
8835,61,2.493,2.493
8839,61,2.498,2.498
8840,61,2.502,2.493
8841,61,2.498,2.498
8843,61,2.498,2.493
8844,61,2.493,2.493
8846,61,2.493,2.488
8847,61,2.493,2.483
8852,64,2.493,2.488
8853,64,2.493,2.488
8855,64,2.493,2.493
8856,64,2.498,2.493
8858,64,2.498,2.498
8859,64,2.502,2.498
8860,64,2.498,2.493
8862,64,2.498,2.493
8863,64,2.493,2.493
8864,64,2.498,2.493
8866,64,2.493,2.493
8867,64,2.493,2.488
8868,64,2.488,2.483
8874,64,2.493,2.493
8875,64,2.498,2.493
8877,64,2.498,2.498
8879,64,2.502,2.493
8883,64,2.498,2.493
8884,64,2.498,2.493
8886,64,2.493,2.493
8887,64,2.493,2.483
8888,64,2.493,2.488
8890,64,2.488,2.483
8891,64,2.488,2.488
8892,64,2.493,2.488
8898,60,2.498,2.498
8899,60,2.502,2.498
8900,60,2.502,2.498
8910,60,2.493,2.483
8913,60,2.493,2.493
8918,60,2.502,2.498
8921,60,2.502,2.498
8922,60,2.498,2.493
8924,60,2.498,2.498
8925,60,2.493,2.493
8926,60,2.493,2.488
8928,60,2.493,2.488
8929,60,2.488,2.483
8930,60,2.493,2.488
8932,60,2.493,2.488
8933,60,2.493,2.488
8935,60,2.493,2.493
8942,64,2.502,2.498
8944,64,2.493,2.493
8945,64,2.493,2.488
8946,64,2.488,2.483
8948,64,2.493,2.488
8949,64,2.488,2.483
8951,64,2.493,2.488
8952,64,2.493,2.488
8953,64,2.493,2.488
8955,64,2.493,2.493
8956,64,2.498,2.498
8957,64,2.498,2.498
8959,64,2.502,2.498
8965,61,2.498,2.493
8966,61,2.493,2.488
8968,61,2.493,2.488
8969,61,2.488,2.483
8970,61,2.493,2.488
8972,61,2.493,2.488
8973,61,2.493,2.488
8975,61,2.493,2.493
8976,61,2.498,2.493
8977,61,2.502,2.498
8979,61,2.502,2.498
8983,61,2.498,2.493
8988,68,2.493,2.488
8989,68,2.488,2.483
8991,68,2.493,2.488
8992,68,2.488,2.488
8993,68,2.498,2.488
8995,68,2.493,2.493
8996,68,2.498,2.498
8997,68,2.498,2.493
8999,68,2.502,2.498
9000,68,2.498,2.498
9002,68,2.502,2.498
9003,68,2.498,2.493
9005,68,2.498,2.493
9010,66,2.488,2.488
9012,66,2.493,2.488
9013,66,2.493,2.493
9015,66,2.498,2.493
9016,66,2.498,2.493
9017,66,2.498,2.498
9019,66,2.498,2.498
9020,66,2.502,2.498
9021,66,2.498,2.493
9023,66,2.498,2.493
9024,66,2.498,2.493
9032,64,2.493,2.488
9033,64,2.493,2.493
9035,64,2.493,2.493
9036,64,2.502,2.498
9037,64,2.498,2.493
9039,64,2.502,2.498
9040,64,2.498,2.498
9042,64,2.498,2.498
9043,64,2.498,2.493
9044,64,2.493,2.493
9046,64,2.493,2.488
9048,64,2.493,2.488
9049,64,2.488,2.483
9051,64,2.493,2.488
9056,61,2.498,2.493
9057,61,2.498,2.498
9059,61,2.502,2.498
9060,61,2.498,2.498
9061,61,2.498,2.493
9063,61,2.498,2.498
9064,61,2.498,2.493
9066,61,2.493,2.493
9067,61,2.493,2.483
9068,61,2.493,2.488
9072,61,2.493,2.488
9078,62,2.498,2.498
9079,62,2.502,2.498
9080,62,2.498,2.493
9082,62,2.498,2.498
9083,62,2.498,2.493
9084,62,2.498,2.493
9086,62,2.493,2.488
9087,62,2.493,2.488
9090,62,2.488,2.483
9091,62,2.493,2.488
9092,62,2.493,2.488
9094,62,2.493,2.488
9107,62,2.493,2.483
9110,62,2.493,2.488
9112,62,2.493,2.488
9113,62,2.493,2.488
9115,62,2.498,2.493
9116,62,2.498,2.498
9117,62,2.498,2.498
9122,64,2.502,2.498
9124,64,2.493,2.493
9125,64,2.493,2.493
9126,64,2.493,2.488
9131,64,2.493,2.488
9133,64,2.488,2.488
9134,64,2.498,2.493
9136,64,2.498,2.493
9137,64,2.498,2.498
9138,64,2.498,2.498
9140,64,2.502,2.498
9141,64,2.498,2.493
9146,63,2.488,2.488
9148,63,2.493,2.488
9149,63,2.488,2.483
9150,63,2.493,2.488
9152,63,2.493,2.488
9153,63,2.493,2.488
9155,63,2.498,2.493
9156,63,2.498,2.493
9157,63,2.498,2.493
9159,63,2.502,2.498
9160,63,2.498,2.498
9161,63,2.498,2.493
9163,63,2.493,2.488
9168,60,2.493,2.488
9169,60,2.488,2.488
9171,60,2.493,2.488
9172,60,2.493,2.493
9177,60,2.502,2.498
9178,60,2.498,2.493
9180,60,2.502,2.498
9181,60,2.498,2.498
9183,60,2.498,2.493
9184,60,2.498,2.493
9185,60,2.493,2.493
9190,62,2.493,2.488
9192,62,2.493,2.488
9193,62,2.493,2.488
9195,62,2.493,2.493
9196,62,2.498,2.493
9197,62,2.498,2.493
9199,62,2.502,2.498
9200,62,2.498,2.498
9201,62,2.498,2.493
9203,62,2.493,2.493
9204,62,2.493,2.493
9206,62,2.493,2.488
9207,62,2.493,2.488
9208,62,2.488,2.483
9213,60,2.498,2.493
9215,60,2.493,2.493
9216,60,2.502,2.498
9221,60,2.498,2.498
9223,60,2.498,2.498
9224,60,2.498,2.493
9225,60,2.493,2.493
9227,60,2.493,2.488
9228,60,2.493,2.488
9230,60,2.493,2.488
9231,60,2.493,2.488
9236,62,2.502,2.498
9237,62,2.498,2.493
9239,62,2.502,2.498
9240,62,2.498,2.498
9242,62,2.498,2.493
9243,62,2.493,2.488
9244,62,2.498,2.493
9246,62,2.493,2.488
9247,62,2.493,2.488
9248,62,2.488,2.483
9250,62,2.493,2.488
9251,62,2.493,2.488
9253,62,2.493,2.488
9258,62,2.502,2.498
9259,62,2.498,2.498
9261,62,2.498,2.493
9265,62,2.493,2.488
9267,62,2.493,2.488
9268,62,2.493,2.488
9270,62,2.488,2.483
9271,62,2.493,2.488
9272,62,2.493,2.488
9274,62,2.498,2.488
9275,62,2.493,2.493
9276,62,2.498,2.498
9282,62,2.498,2.493
9283,62,2.498,2.493
9284,62,2.493,2.493
9286,62,2.493,2.488
9287,62,2.493,2.488
9288,62,2.488,2.488
9290,62,2.493,2.488
9299,62,2.498,2.498
9308,61,2.493,2.488
9309,61,2.488,2.483
9310,61,2.488,2.488
9312,61,2.493,2.488
9313,61,2.493,2.493
9314,61,2.498,2.493
9316,61,2.498,2.493
9317,61,2.498,2.493
9333,61,2.498,2.488
9334,61,2.498,2.493
9336,61,2.498,2.498
9337,61,2.498,2.493
9338,61,2.502,2.502
9340,61,2.498,2.498
9341,61,2.498,2.493
9343,61,2.498,2.493
9344,61,2.493,2.493
9350,64,2.488,2.488
9351,64,2.493,2.488
9353,64,2.493,2.488
9354,64,2.493,2.493
9356,64,2.498,2.493
9357,64,2.498,2.498
9358,64,2.498,2.498
9360,64,2.502,2.498
9361,64,2.498,2.498
9362,64,2.498,2.493
9364,64,2.493,2.493
9365,64,2.493,2.493
9367,64,2.488,2.483
9372,63,2.493,2.488
9373,63,2.493,2.493
9377,63,2.498,2.493
9379,63,2.502,2.498
9380,63,2.502,2.488
9381,63,2.498,2.493
9383,63,2.498,2.493
9384,63,2.498,2.493
9385,63,2.493,2.488
9387,63,2.493,2.488
9389,63,2.488,2.483
9394,63,2.493,2.493
9396,63,2.498,2.493
9397,63,2.502,2.493
9398,63,2.498,2.498
9400,63,2.502,2.498
9401,63,2.498,2.498
9402,63,2.498,2.493
9404,63,2.498,2.493
9405,63,2.493,2.493
9407,63,2.493,2.483
9408,63,2.493,2.488
9409,63,2.488,2.483
9411,63,2.493,2.488
9412,63,2.488,2.488
9417,63,2.498,2.493
9419,63,2.502,2.498
9423,63,2.498,2.493
9424,63,2.493,2.493
9425,63,2.493,2.488
9427,63,2.493,2.488
9428,63,2.488,2.483
9430,63,2.493,2.488
9432,63,2.493,2.488
9433,63,2.493,2.493
9435,63,2.498,2.493
9440,63,2.502,2.498
9441,63,2.498,2.493
9442,63,2.498,2.493
9444,63,2.493,2.493
9445,63,2.498,2.493
9447,63,2.488,2.483
9448,63,2.493,2.488
9449,63,2.488,2.483
9451,63,2.493,2.488
9452,63,2.493,2.488
9453,63,2.498,2.488
9455,63,2.493,2.493
9456,63,2.502,2.498
9458,63,2.498,2.493
9463,63,2.498,2.493
9467,63,2.493,2.488
9468,63,2.488,2.483
9470,63,2.493,2.488
9471,63,2.493,2.488
9472,63,2.493,2.488
9475,63,2.498,2.493
9476,63,2.498,2.493
9477,63,2.498,2.493
9479,63,2.502,2.498
9480,63,2.502,2.498
9485,61,2.498,2.493
9487,61,2.488,2.483
9488,61,2.493,2.488
9489,61,2.488,2.488
9491,61,2.493,2.488
9492,61,2.488,2.488
9494,61,2.493,2.493
9495,61,2.498,2.493
9508,61,2.493,2.488
9512,61,2.488,2.488
9513,61,2.493,2.493
9514,61,2.498,2.493
9517,61,2.502,2.498
9518,61,2.498,2.493
9522,61,2.498,2.498
9524,61,2.498,2.493
9525,61,2.493,2.488
9530,62,2.493,2.488
9531,62,2.493,2.488
9533,62,2.493,2.488
9534,62,2.493,2.493
9536,62,2.498,2.493
9537,62,2.498,2.498
9538,62,2.502,2.498
9540,62,2.498,2.493
9541,62,2.498,2.493
9542,62,2.498,2.493
9544,62,2.498,2.493
9545,62,2.493,2.488
9547,62,2.493,2.488
9548,62,2.488,2.483
9553,61,2.498,2.493
9554,61,2.498,2.493
9556,61,2.498,2.498
9557,61,2.498,2.498
9558,61,2.502,2.498
9561,61,2.498,2.498
9562,61,2.498,2.498
9564,61,2.498,2.493
9568,61,2.493,2.488
9569,61,2.488,2.483
9571,61,2.493,2.488
9576,62,2.498,2.493
9577,62,2.498,2.493
9578,62,2.502,2.498
9580,62,2.498,2.498
9581,62,2.498,2.493
9582,62,2.498,2.493
9584,62,2.498,2.493
9585,62,2.493,2.488
9587,62,2.488,2.488
9588,62,2.488,2.483
9589,62,2.493,2.488
9591,62,2.493,2.488
9592,62,2.493,2.488
9597,62,2.498,2.498
9599,62,2.502,2.498
9600,62,2.498,2.498
9602,62,2.498,2.498
9604,62,2.498,2.493
9605,62,2.493,2.493
9606,62,2.493,2.483
9608,62,2.493,2.488
9612,62,2.493,2.488
9613,62,2.493,2.493
9615,62,2.493,2.493
9616,62,2.498,2.498
9621,64,2.498,2.498
9622,64,2.498,2.493
9624,64,2.493,2.493
9625,64,2.493,2.488
9627,64,2.493,2.488
9628,64,2.488,2.483
9629,64,2.493,2.488
9631,64,2.493,2.488
9632,64,2.493,2.488
9633,64,2.493,2.493
9635,64,2.498,2.493
9636,64,2.498,2.498
9638,64,2.498,2.498
9643,58,2.498,2.493
9645,58,2.493,2.493
9646,58,2.488,2.488
9648,58,2.493,2.488
9649,58,2.488,2.483
9651,58,2.493,2.488
9652,58,2.488,2.488
9653,58,2.493,2.493
9657,58,2.498,2.493
9659,58,2.502,2.498
9660,58,2.498,2.498
9665,63,2.498,2.488
9667,63,2.493,2.488
9668,63,2.488,2.488
9669,63,2.488,2.488
9671,63,2.493,2.488
9672,63,2.493,2.488
9673,63,2.498,2.493
9675,63,2.498,2.493
9676,63,2.498,2.498
9678,63,2.498,2.498
9679,63,2.498,2.498
9680,63,2.498,2.493
9682,63,2.498,2.493
9683,63,2.498,2.493
9689,61,2.488,2.483
9691,61,2.493,2.488
9692,61,2.493,2.488
9701,61,2.502,2.493
9705,61,2.493,2.488
9706,61,2.493,2.488
9711,60,2.493,2.488
9716,60,2.498,2.493
9717,60,2.498,2.493
9718,60,2.502,2.498
9720,60,2.498,2.498
9721,60,2.498,2.498
9722,60,2.498,2.493
9724,60,2.498,2.493
9725,60,2.493,2.488
9727,60,2.493,2.488
9728,60,2.488,2.483
9734,61,2.498,2.488
9735,61,2.498,2.493
9737,61,2.498,2.498
9738,61,2.502,2.498
9740,61,2.502,2.498
9741,61,2.502,2.498
9742,61,2.498,2.498
9744,61,2.493,2.493
9745,61,2.493,2.493
9746,61,2.493,2.483
9748,61,2.488,2.488
9749,61,2.493,2.488
9751,61,2.493,2.488
9752,61,2.493,2.483
9760,63,2.502,2.498
9761,63,2.498,2.498
9762,63,2.498,2.493
9764,63,2.498,2.493
9765,63,2.493,2.488
9767,63,2.493,2.488
9768,63,2.488,2.488
9769,63,2.493,2.488
9771,63,2.493,2.488
9773,63,2.493,2.488
9774,63,2.498,2.493
9780,60,2.502,2.498
9781,60,2.498,2.498
9782,60,2.498,2.493
9784,60,2.498,2.493
9785,60,2.493,2.488
9786,60,2.488,2.488
9788,60,2.493,2.488
9789,60,2.493,2.483
9791,60,2.488,2.488
9792,60,2.493,2.488
9793,60,2.493,2.493
9795,60,2.498,2.493
9796,60,2.498,2.493
9801,63,2.498,2.498
9805,63,2.493,2.488
9807,63,2.493,2.488
9808,63,2.488,2.483
9809,63,2.493,2.488
9811,63,2.493,2.488
9812,63,2.493,2.488
9813,63,2.493,2.493
9816,63,2.498,2.493
9817,63,2.498,2.493
9819,63,2.502,2.498
9820,63,2.498,2.498
9825,60,2.493,2.493
9826,60,2.488,2.483
9828,60,2.488,2.483
9829,60,2.488,2.488
9831,60,2.488,2.488
9832,60,2.488,2.488
9833,60,2.498,2.493
9835,60,2.498,2.493
9836,60,2.502,2.498
9837,60,2.498,2.493
9839,60,2.502,2.498
9840,60,2.498,2.498
9842,60,2.498,2.493
9849,61,2.493,2.488
9851,61,2.493,2.488
9852,61,2.493,2.493
9854,61,2.498,2.493
9855,61,2.498,2.493
9856,61,2.498,2.493
9859,61,2.502,2.498
9860,61,2.498,2.498
9861,61,2.498,2.498
9863,61,2.493,2.493
9864,61,2.493,2.493
9869,62,2.493,2.488
9871,62,2.493,2.488
9872,62,2.493,2.488
9873,62,2.493,2.493
9875,62,2.498,2.493
9876,62,2.498,2.498
9877,62,2.498,2.493
9879,62,2.502,2.498
9880,62,2.498,2.498
9882,62,2.498,2.493
9883,62,2.498,2.493
9884,62,2.498,2.493
9897,63,2.502,2.498
9905,63,2.498,2.493
9906,63,2.493,2.488
9908,63,2.493,2.488
9909,63,2.488,2.483
9910,63,2.493,2.488
9915,63,2.498,2.498
9917,63,2.498,2.493
9918,63,2.502,2.498
9920,63,2.502,2.498
9921,63,2.498,2.493
9922,63,2.502,2.498
9924,63,2.498,2.493
9925,63,2.493,2.488
9926,63,2.488,2.488
9928,63,2.493,2.483
9929,63,2.488,2.488
9930,63,2.493,2.488
9932,63,2.493,2.488
9937,61,2.502,2.498
9938,61,2.502,2.498
9940,61,2.498,2.498
9941,61,2.498,2.498
9942,61,2.493,2.493
9945,61,2.498,2.493
9946,61,2.488,2.488
9950,61,2.493,2.488
9952,61,2.493,2.488
9953,61,2.493,2.493
9954,61,2.493,2.493
9960,61,2.502,2.498
9961,61,2.498,2.493
9962,61,2.498,2.493
9964,61,2.493,2.493
9965,61,2.493,2.488
9966,61,2.493,2.488
9968,61,2.488,2.483
9969,61,2.493,2.488
9971,61,2.493,2.488
9972,61,2.493,2.493
9973,61,2.493,2.488
9975,61,2.498,2.493
9976,61,2.498,2.493
9977,61,2.498,2.498
9982,67,2.498,2.493
9984,67,2.493,2.493
9986,67,2.488,2.488
9988,67,2.493,2.488
9989,67,2.488,2.483
9990,67,2.493,2.488
9994,67,2.493,2.493
9996,67,2.502,2.498
9997,67,2.498,2.498
9999,67,2.502,2.498
10000,67,2.502,2.498
10005,64,2.498,2.488
10007,64,2.493,2.488
10008,64,2.488,2.483
10009,64,2.493,2.488
10011,64,2.493,2.488
10012,64,2.493,2.488
10014,64,2.498,2.488
10015,64,2.498,2.493
10016,64,2.498,2.493
10018,64,2.502,2.498
10019,64,2.498,2.493
10021,64,2.498,2.493
10022,64,2.498,2.488
10027,61,2.493,2.488
10030,61,2.488,2.488
10031,61,2.493,2.488
10032,61,2.493,2.488
10034,61,2.493,2.488
10035,61,2.498,2.493
10039,61,2.502,2.498
10041,61,2.498,2.498
10042,61,2.498,2.493
10044,61,2.493,2.493
10045,61,2.488,2.488
10050,61,2.493,2.488
10052,61,2.488,2.483
10053,61,2.498,2.493
10054,61,2.498,2.493
10056,61,2.502,2.498
10057,61,2.498,2.498
10059,61,2.498,2.498
10060,61,2.498,2.498
10061,61,2.498,2.493
10063,61,2.498,2.493
10064,61,2.493,2.488
10066,61,2.493,2.488
10067,61,2.493,2.488
10073,61,2.498,2.493
10075,61,2.498,2.488
10076,61,2.498,2.493
10077,61,2.498,2.493
10079,61,2.502,2.498
10091,61,2.493,2.488
10096,63,2.502,2.498
10097,63,2.498,2.498
10107,63,2.493,2.488
10111,63,2.493,2.488
10112,63,2.493,2.488
10118,62,2.502,2.498
10120,62,2.498,2.498
10121,62,2.498,2.498
10122,62,2.498,2.493
10124,62,2.498,2.488
10125,62,2.493,2.488
10127,62,2.493,2.488
10128,62,2.493,2.488
10129,62,2.493,2.488
10131,62,2.493,2.488
10132,62,2.493,2.488
10134,62,2.493,2.493
10135,62,2.498,2.493
10140,61,2.498,2.498
10142,61,2.498,2.493
10143,61,2.498,2.493
10144,61,2.493,2.493
10149,61,2.488,2.488
10150,61,2.493,2.488
10151,61,2.493,2.488
10153,61,2.493,2.493
10154,61,2.498,2.493
10157,61,2.498,2.493
10158,61,2.502,2.498
10159,61,2.498,2.498
10165,61,2.493,2.493
10166,61,2.493,2.488
10167,61,2.493,2.488
10169,61,2.488,2.488
10170,61,2.493,2.488
10172,61,2.488,2.488
10173,61,2.493,2.493
10174,61,2.493,2.493
10176,61,2.502,2.498
10177,61,2.498,2.498
10179,61,2.502,2.498
10180,61,2.502,2.498
10182,61,2.498,2.498
10187,64,2.493,2.488
10188,64,2.488,2.483
10192,64,2.493,2.488
10194,64,2.493,2.493
10195,64,2.502,2.493
10196,64,2.498,2.493
10198,64,2.502,2.498
10200,64,2.498,2.498
10202,64,2.498,2.498
10203,64,2.493,2.493
10205,64,2.498,2.493
10210,64,2.493,2.488
10211,64,2.493,2.488
10212,64,2.493,2.493
10214,64,2.493,2.493
10215,64,2.498,2.498
10217,64,2.498,2.493
10218,64,2.502,2.498
10220,64,2.502,2.498
10221,64,2.498,2.498
10222,64,2.493,2.493
10224,64,2.493,2.488
10225,64,2.493,2.483
10227,64,2.493,2.488
10232,64,2.493,2.488
10233,64,2.493,2.493
10237,64,2.502,2.498
10239,64,2.498,2.493
10240,64,2.498,2.493
10243,64,2.498,2.498
10244,64,2.498,2.493
10245,64,2.493,2.488
10247,64,2.493,2.488
10248,64,2.488,2.483
10250,64,2.493,2.488
10255,60,2.498,2.493
10256,60,2.498,2.498
10258,60,2.502,2.498
10259,60,2.498,2.498
10260,60,2.498,2.493
10262,60,2.498,2.493
10263,60,2.498,2.493
10265,60,2.493,2.488
10266,60,2.493,2.488
10267,60,2.488,2.483
10269,60,2.493,2.488
10270,60,2.493,2.488
10272,60,2.493,2.488
10277,62,2.502,2.498
10281,62,2.498,2.493
10282,62,2.498,2.493
10285,62,2.493,2.493
10286,62,2.488,2.488
10288,62,2.493,2.488
10289,62,2.488,2.488
10290,62,2.493,2.488
10292,62,2.493,2.488
10293,62,2.498,2.493
10295,62,2.493,2.493
10308,59,2.488,2.483
10311,59,2.493,2.488
10313,59,2.498,2.493
10314,59,2.498,2.493
10316,59,2.498,2.498
10317,59,2.502,2.493
10322,61,2.498,2.493
10324,61,2.493,2.493
10325,61,2.488,2.483
10326,61,2.493,2.488
10329,61,2.488,2.483
10330,61,2.493,2.488
10332,61,2.493,2.488
10336,61,2.502,2.498
10337,61,2.498,2.493
10339,61,2.502,2.498
10340,61,2.498,2.498
10345,58,2.493,2.488
10347,58,2.493,2.488
10348,58,2.488,2.483
10349,58,2.493,2.488
10351,58,2.493,2.488
10352,58,2.493,2.493
10354,58,2.493,2.493
10355,58,2.498,2.498
10356,58,2.498,2.498
10358,58,2.502,2.498
10359,58,2.498,2.493
10361,58,2.498,2.498
10362,58,2.498,2.493
10367,62,2.493,2.488
10370,62,2.493,2.488
10371,62,2.493,2.488
10372,62,2.493,2.488
10374,62,2.498,2.493
10375,62,2.498,2.493
10377,62,2.498,2.493
10381,62,2.498,2.493
10382,62,2.498,2.498
10384,62,2.493,2.493
10385,62,2.493,2.488
10390,62,2.493,2.493
10392,62,2.493,2.488
10393,62,2.493,2.493
10394,62,2.498,2.493
10396,62,2.502,2.498
10397,62,2.502,2.498
10399,62,2.498,2.498
10400,62,2.498,2.493
10401,62,2.498,2.493
10403,62,2.498,2.493
10404,62,2.493,2.493
10406,62,2.493,2.488
10407,62,2.488,2.483
10413,64,2.498,2.493
10415,64,2.498,2.493
10416,64,2.502,2.498
10417,64,2.502,2.498
10419,64,2.498,2.498
10420,64,2.498,2.498
10424,64,2.493,2.493
10426,64,2.488,2.488
10427,64,2.488,2.488
10429,64,2.493,2.488
10430,64,2.493,2.488
10435,60,2.502,2.498
10437,60,2.498,2.493
10438,60,2.502,2.498
10439,60,2.498,2.498
10441,60,2.498,2.493
10442,60,2.498,2.493
10444,60,2.493,2.493
10445,60,2.493,2.488
10447,60,2.493,2.488
10448,60,2.488,2.483
10449,60,2.493,2.488
10451,60,2.493,2.488
10452,60,2.493,2.493
10458,61,2.502,2.498
10460,61,2.502,2.493
10461,61,2.498,2.493
10463,61,2.493,2.493
10464,61,2.493,2.493
10468,61,2.488,2.483
10469,61,2.493,2.483
10471,61,2.488,2.483
10472,61,2.498,2.493
10474,61,2.493,2.488
10475,61,2.498,2.498
10480,63,2.498,2.498
10482,63,2.498,2.498
10483,63,2.498,2.493
10484,63,2.493,2.488
10486,63,2.493,2.488
10487,63,2.488,2.483
10489,63,2.493,2.488
10490,63,2.493,2.488
10492,63,2.493,2.488
10493,63,2.498,2.493
10494,63,2.498,2.498
10508,62,2.493,2.483
10512,62,2.493,2.488
10514,62,2.493,2.493
10515,62,2.498,2.498
10516,62,2.498,2.493
10518,62,2.502,2.498
10526,60,2.493,2.488
10527,60,2.488,2.483
10529,60,2.493,2.488
10530,60,2.493,2.488
10531,60,2.493,2.488
10533,60,2.493,2.493
10534,60,2.498,2.493
10536,60,2.502,2.498
10537,60,2.502,2.498
10538,60,2.502,2.493
10541,60,2.498,2.498
10542,60,2.498,2.493
10544,60,2.493,2.488
10549,63,2.493,2.488
10550,63,2.493,2.488
10552,63,2.493,2.483
10553,63,2.493,2.488
10554,63,2.498,2.493
10556,63,2.502,2.498
10557,63,2.498,2.498
10559,63,2.498,2.498
10560,63,2.498,2.493
10561,63,2.498,2.498
10563,63,2.498,2.493
10571,64,2.493,2.488
10572,64,2.498,2.493
10574,64,2.493,2.493
10575,64,2.498,2.498
10576,64,2.498,2.493
10578,64,2.502,2.498
10579,64,2.498,2.498
10581,64,2.498,2.498
10582,64,2.498,2.493
10584,64,2.493,2.488
10586,64,2.493,2.488
10587,64,2.493,2.488
10589,64,2.488,2.483
10594,62,2.498,2.493
10595,62,2.502,2.493
10597,62,2.498,2.493
10598,62,2.502,2.498
10599,62,2.498,2.493
10601,62,2.498,2.493
10602,62,2.498,2.493
10604,62,2.498,2.488
10605,62,2.488,2.488
10606,62,2.493,2.488
10611,62,2.488,2.488
10616,59,2.498,2.493
10617,59,2.502,2.498
10619,59,2.498,2.498
10620,59,2.498,2.493
10621,59,2.498,2.493
10623,59,2.498,2.493
10624,59,2.488,2.488
10627,59,2.493,2.493
10628,59,2.488,2.488
10629,59,2.493,2.488
10631,59,2.493,2.488
10632,59,2.493,2.488
10634,59,2.498,2.493
10639,62,2.498,2.498
10640,62,2.498,2.498
10642,62,2.502,2.493
10643,62,2.493,2.493
10644,62,2.493,2.488
10646,62,2.493,2.488
10647,62,2.488,2.483
10649,62,2.493,2.488
10650,62,2.488,2.488
10654,62,2.498,2.493
10656,62,2.498,2.493
10661,60,2.502,2.498
10662,60,2.498,2.493
10664,60,2.493,2.493
10665,60,2.493,2.483
10666,60,2.488,2.488
10669,60,2.493,2.483
10670,60,2.493,2.488
10672,60,2.493,2.488
10673,60,2.498,2.488
10674,60,2.498,2.493
10676,60,2.498,2.498
10677,60,2.498,2.498
10679,60,2.498,2.498
10684,62,2.498,2.493
10685,62,2.488,2.488
10687,62,2.493,2.488
10688,62,2.488,2.483
10689,62,2.488,2.488
10691,62,2.493,2.488
10692,62,2.493,2.488
10694,62,2.498,2.493
10698,62,2.502,2.498
10712,64,2.493,2.488
10716,64,2.502,2.498
10717,64,2.502,2.493
10718,64,2.498,2.498
10720,64,2.502,2.498
10721,64,2.498,2.498
10723,64,2.498,2.493
10724,64,2.498,2.493
10729,63,2.493,2.488
10731,63,2.493,2.488
10732,63,2.498,2.493
10734,63,2.498,2.493
10735,63,2.498,2.498
10736,63,2.498,2.493
10738,63,2.502,2.498
10739,63,2.498,2.498
10741,63,2.498,2.498
10742,63,2.493,2.488
10743,63,2.498,2.493
10745,63,2.488,2.488
10746,63,2.493,2.488
10751,62,2.493,2.488
10754,62,2.498,2.493
10758,62,2.502,2.498
10759,62,2.498,2.498
10761,62,2.498,2.493
10762,62,2.498,2.493
10764,62,2.498,2.493
10765,62,2.493,2.488
10766,62,2.493,2.488
10768,62,2.488,2.483
10769,62,2.493,2.488
10774,63,2.498,2.493
10776,63,2.498,2.493
10777,63,2.502,2.498
10779,63,2.498,2.498
10780,63,2.498,2.498
10781,63,2.498,2.493
10783,63,2.498,2.493
10784,63,2.493,2.488
10786,63,2.493,2.488
10787,63,2.493,2.483
10788,63,2.488,2.488
10790,63,2.493,2.488
10791,63,2.493,2.488
10797,62,2.502,2.498
10802,62,2.498,2.498
10803,62,2.493,2.493
10804,62,2.493,2.493
10806,62,2.493,2.488
10807,62,2.488,2.483
10809,62,2.488,2.488
10810,62,2.493,2.488
10811,62,2.493,2.488
10813,62,2.498,2.488
10814,62,2.498,2.493
10819,62,2.502,2.498
10821,62,2.498,2.498
10822,62,2.498,2.493
10824,62,2.493,2.493
10825,62,2.493,2.488
10826,62,2.488,2.488
10828,62,2.488,2.483
10829,62,2.493,2.488
10831,62,2.488,2.488
10832,62,2.493,2.493
10833,62,2.498,2.493
10835,62,2.498,2.498
10836,62,2.498,2.498
10853,63,2.498,2.493
10855,63,2.498,2.498
10856,63,2.498,2.498
10857,63,2.502,2.498
10859,63,2.498,2.493
10860,63,2.498,2.493
10865,60,2.493,2.488
10867,60,2.493,2.488
10868,60,2.493,2.488
10870,60,2.493,2.488
10871,60,2.493,2.488
10872,60,2.493,2.493
10874,60,2.498,2.493
10875,60,2.498,2.498
10877,60,2.502,2.498
10878,60,2.498,2.498
10879,60,2.498,2.493
10882,60,2.502,2.493
10883,60,2.493,2.493
10888,64,2.493,2.488
10890,64,2.488,2.483
10891,64,2.493,2.483
10893,64,2.493,2.493
10894,64,2.498,2.493
10898,64,2.502,2.498
10900,64,2.498,2.493
10901,64,2.498,2.493
10902,64,2.498,2.493
10904,64,2.493,2.493
10905,64,2.488,2.483
10910,62,2.493,2.488
10920,62,2.498,2.498
10925,62,2.493,2.488
10926,62,2.493,2.483
10927,62,2.488,2.488
10932,63,2.493,2.493
10934,63,2.493,2.493
10935,63,2.502,2.498
10937,63,2.498,2.498
10938,63,2.498,2.498
10940,63,2.498,2.498
10941,63,2.498,2.498
10942,63,2.498,2.493
10944,63,2.493,2.488
10945,63,2.488,2.488
10947,63,2.488,2.483
10948,63,2.493,2.483
10956,65,2.498,2.493
10957,65,2.502,2.498
10959,65,2.498,2.493
10960,65,2.498,2.493
10962,65,2.498,2.493
10963,65,2.493,2.493
10964,65,2.493,2.483
10966,65,2.493,2.488
10968,65,2.488,2.483
10970,65,2.493,2.488
10971,65,2.493,2.488
10972,65,2.493,2.493
10977,63,2.502,2.498
10979,63,2.498,2.498
10980,63,2.498,2.493
10982,63,2.498,2.493
10983,63,2.498,2.493
10985,63,2.493,2.488
10986,63,2.493,2.488
10987,63,2.488,2.483
10989,63,2.493,2.488
10990,63,2.493,2.488
10992,63,2.493,2.493
10996,63,2.498,2.498
11001,62,2.498,2.498
11002,62,2.493,2.493
11004,62,2.493,2.488
11005,62,2.488,2.488
11007,62,2.488,2.483
11008,62,2.488,2.483
11010,62,2.493,2.488
11012,62,2.493,2.488
11013,62,2.498,2.493
11015,62,2.498,2.493
11016,62,2.498,2.493
11017,62,2.502,2.498
11019,62,2.498,2.498
11024,61,2.498,2.493
11025,61,2.493,2.488
11027,61,2.493,2.488
11028,61,2.493,2.488
11030,61,2.493,2.488
11031,61,2.493,2.488
11032,61,2.493,2.493
11034,61,2.498,2.493
11035,61,2.498,2.498
11039,61,2.498,2.493
11041,61,2.498,2.493
11046,62,2.493,2.488
11047,62,2.493,2.488
11049,62,2.493,2.488
11050,62,2.493,2.488
11053,62,2.498,2.493
11054,62,2.498,2.493
11055,62,2.502,2.498
11057,62,2.498,2.498
11058,62,2.502,2.498
11060,62,2.498,2.498
11061,62,2.498,2.498
11062,62,2.498,2.493
11064,62,2.493,2.493
11069,62,2.493,2.488
11070,62,2.493,2.488
11072,62,2.493,2.493
11073,62,2.493,2.493
11075,62,2.502,2.493
11076,62,2.498,2.493
11077,62,2.498,2.498
11079,62,2.498,2.498
11080,62,2.498,2.498
11085,62,2.493,2.483
11086,62,2.493,2.488
11091,60,2.493,2.488
11092,60,2.498,2.493
11094,60,2.502,2.498
11096,60,2.498,2.498
11098,60,2.502,2.498
11099,60,2.498,2.498
11101,60,2.498,2.498
11102,60,2.498,2.493
11103,60,2.498,2.493
11105,60,2.488,2.488
11106,60,2.493,2.488
11108,60,2.493,2.483
11121,64,2.502,2.498
11124,64,2.488,2.483
11126,64,2.493,2.488
11127,64,2.488,2.483
11129,64,2.493,2.488
11130,64,2.493,2.488
11135,61,2.498,2.493
11138,61,2.502,2.498
11139,61,2.498,2.493
11143,61,2.493,2.488
11145,61,2.493,2.488
11146,61,2.493,2.488
11147,61,2.488,2.483
11149,61,2.493,2.488
11150,61,2.493,2.488
11152,61,2.493,2.488
11153,61,2.498,2.493
11154,61,2.498,2.498
11160,64,2.498,2.498
11161,64,2.498,2.493
11162,64,2.493,2.493
11164,64,2.493,2.488
11165,64,2.493,2.488
11167,64,2.488,2.483
11168,64,2.493,2.488
11169,64,2.493,2.488
11171,64,2.493,2.488
11172,64,2.498,2.493
11174,64,2.498,2.493
11175,64,2.498,2.493
11177,64,2.502,2.498
11183,63,2.498,2.493
11187,63,2.493,2.488
11188,63,2.488,2.488
11190,63,2.493,2.488
11191,63,2.493,2.488
11192,63,2.493,2.493
11194,63,2.498,2.493
11195,63,2.498,2.498
11197,63,2.502,2.498
11198,63,2.502,2.493
11199,63,2.498,2.493
11205,63,2.493,2.488
11206,63,2.493,2.488
11207,63,2.493,2.483
11209,63,2.493,2.488
11210,63,2.493,2.488
11212,63,2.498,2.493
11213,63,2.498,2.493
11214,63,2.502,2.498
11216,63,2.498,2.498
11217,63,2.502,2.498
11219,63,2.498,2.498
11220,63,2.498,2.498
11222,63,2.498,2.493
11230,62,2.493,2.488
11232,62,2.498,2.493
11233,62,2.493,2.493
11235,62,2.498,2.498
11236,62,2.498,2.493
11237,62,2.498,2.498
11239,62,2.502,2.493
11240,62,2.502,2.498
11242,62,2.498,2.493
11243,62,2.493,2.493
11245,62,2.493,2.488
11250,62,2.493,2.488
11251,62,2.493,2.493
11252,62,2.498,2.493
11254,62,2.498,2.498
11255,62,2.498,2.498
11257,62,2.502,2.498
11258,62,2.502,2.498
11260,62,2.498,2.493
11261,62,2.498,2.493
11262,62,2.498,2.493
11264,62,2.493,2.488
11266,62,2.493,2.488
11268,62,2.488,2.483
11275,65,2.498,2.493
11277,65,2.502,2.498
11278,65,2.502,2.498
11280,65,2.498,2.493
11281,65,2.498,2.498
11282,65,2.498,2.493
11284,65,2.493,2.488
11285,65,2.493,2.488
11287,65,2.488,2.483
11288,65,2.488,2.488
11290,65,2.488,2.488
11295,64,2.498,2.498
11296,64,2.502,2.498
11298,64,2.498,2.498
11299,64,2.498,2.498
11300,64,2.498,2.498
11302,64,2.498,2.493
11303,64,2.493,2.488
11305,64,2.488,2.488
11306,64,2.493,2.488
11307,64,2.488,2.483
11321,61,2.498,2.493
11325,61,2.493,2.488
11329,61,2.493,2.488
11331,61,2.493,2.488
11332,61,2.493,2.493
11334,61,2.498,2.493
11335,61,2.498,2.493
11340,64,2.502,2.498
11342,64,2.498,2.493
11343,64,2.493,2.488
11344,64,2.488,2.488
11346,64,2.493,2.488
11347,64,2.493,2.483
11349,64,2.493,2.488
11350,64,2.488,2.488
11352,64,2.493,2.493
11354,64,2.498,2.493
11355,64,2.502,2.498
11357,64,2.502,2.498
11358,64,2.502,2.498
11363,59,2.498,2.493
11365,59,2.488,2.488
11366,59,2.493,2.493
11367,59,2.493,2.483
11369,59,2.493,2.483
11373,59,2.493,2.488
11374,59,2.498,2.498
11376,59,2.498,2.493
11377,59,2.502,2.498
11379,59,2.498,2.493
11380,59,2.498,2.493
11385,64,2.493,2.488
11387,64,2.488,2.483
11388,64,2.493,2.488
11389,64,2.493,2.488
11391,64,2.493,2.493
11392,64,2.498,2.493
11395,64,2.498,2.498
11396,64,2.498,2.493
11397,64,2.502,2.498
11399,64,2.502,2.498
11400,64,2.498,2.498
11402,64,2.498,2.493
11403,64,2.498,2.493
11408,62,2.493,2.488
11410,62,2.493,2.488
11411,62,2.493,2.488
11412,62,2.498,2.493
11414,62,2.498,2.493
11418,62,2.502,2.498
11419,62,2.498,2.493
11421,62,2.502,2.498
11422,62,2.498,2.488
11424,62,2.493,2.488
11425,62,2.493,2.488
11430,62,2.488,2.488
11432,62,2.493,2.488
11433,62,2.498,2.493
11434,62,2.498,2.498
11437,62,2.498,2.498
11438,62,2.498,2.498
11440,62,2.498,2.493
11441,62,2.498,2.498
11443,62,2.498,2.493
11444,62,2.493,2.493
11445,62,2.493,2.488
11447,62,2.488,2.483
11448,62,2.493,2.488
11453,63,2.498,2.493
11455,63,2.502,2.498
11456,63,2.498,2.498
11458,63,2.498,2.498
11462,63,2.493,2.493
11463,63,2.493,2.488
11465,63,2.493,2.488
11466,63,2.493,2.488
11467,63,2.488,2.488
11469,63,2.493,2.488
11470,63,2.493,2.488
11475,64,2.498,2.498
11477,64,2.498,2.498
11478,64,2.502,2.498
11481,64,2.498,2.493
11482,64,2.498,2.493
11483,64,2.498,2.493
11485,64,2.488,2.483
11486,64,2.493,2.488
11488,64,2.488,2.488
11489,64,2.493,2.488
11490,64,2.493,2.488
11492,64,2.493,2.493
11493,64,2.498,2.493
11498,63,2.502,2.498
11500,63,2.498,2.498
11501,63,2.493,2.493
11505,63,2.493,2.488
11507,63,2.488,2.483
11508,63,2.488,2.488
11510,63,2.488,2.488
11511,63,2.493,2.493
11525,62,2.493,2.488
11529,62,2.488,2.488
11530,62,2.493,2.488
11532,62,2.498,2.488
11533,62,2.493,2.493
11534,62,2.502,2.498
11536,62,2.498,2.493
11537,62,2.498,2.498
11539,62,2.498,2.498
11544,65,2.493,2.488
11545,65,2.493,2.488
11547,65,2.488,2.483
11548,65,2.488,2.488
11549,65,2.493,2.488
11551,65,2.493,2.493
11552,65,2.498,2.493
11554,65,2.498,2.498
11555,65,2.498,2.498
11559,65,2.498,2.498
11561,65,2.498,2.493
11567,59,2.488,2.483
11568,59,2.488,2.488
11570,59,2.493,2.488
11571,59,2.493,2.488
11572,59,2.498,2.493
11574,59,2.498,2.493
11575,59,2.498,2.498
11577,59,2.502,2.498
11578,59,2.498,2.498
11580,59,2.502,2.498
11581,59,2.493,2.493
11582,59,2.498,2.493
11584,59,2.493,2.488
11589,61,2.493,2.488
11590,61,2.488,2.488
11592,61,2.498,2.493
11593,61,2.498,2.493
11595,61,2.502,2.498
11596,61,2.498,2.498
11597,61,2.502,2.498
11599,61,2.498,2.493
11600,61,2.498,2.493
11617,60,2.502,2.498
11618,60,2.498,2.498
11620,60,2.498,2.498
11621,60,2.498,2.493
11623,60,2.498,2.493
11624,60,2.493,2.488
11625,60,2.493,2.488
11627,60,2.488,2.483
11628,60,2.493,2.488
11633,63,2.498,2.493
11635,63,2.502,2.493
11636,63,2.502,2.498
11638,63,2.498,2.493
11639,63,2.498,2.493
11641,63,2.502,2.493
11642,63,2.498,2.493
11643,63,2.493,2.488
11645,63,2.493,2.488
11646,63,2.488,2.488
11648,63,2.493,2.488
11650,63,2.493,2.488
11651,63,2.493,2.488
11657,61,2.502,2.498
11661,61,2.498,2.493
11662,61,2.498,2.493
11663,61,2.493,2.493
11665,61,2.493,2.488
11666,61,2.488,2.488
11668,61,2.488,2.488
11669,61,2.493,2.488
11671,61,2.493,2.488
11672,61,2.493,2.488
11673,61,2.498,2.493
11678,61,2.502,2.498
11680,61,2.502,2.498
11681,61,2.498,2.493
11683,61,2.493,2.488
11684,61,2.488,2.488
11686,61,2.493,2.488
11687,61,2.488,2.488
11688,61,2.493,2.488
11690,61,2.493,2.488
11691,61,2.493,2.493
11694,61,2.498,2.493
11695,61,2.502,2.498
11696,61,2.498,2.498
11704,62,2.493,2.488
11706,62,2.493,2.488
11707,62,2.488,2.483
11708,62,2.493,2.488
11710,62,2.493,2.488
11711,62,2.498,2.488
11713,62,2.493,2.493
11714,62,2.498,2.498
11716,62,2.498,2.493
11717,62,2.502,2.498
11718,62,2.498,2.498
11724,66,2.493,2.488
11733,66,2.498,2.493
11738,66,2.502,2.498
11739,66,2.502,2.498
11740,66,2.498,2.498
11742,66,2.498,2.493
11747,64,2.488,2.483
11748,64,2.488,2.488
11750,64,2.493,2.488
11751,64,2.498,2.493
11753,64,2.493,2.488
11754,64,2.498,2.498
11758,64,2.502,2.493
11760,64,2.498,2.498
11761,64,2.493,2.493
11762,64,2.493,2.493
11764,64,2.493,2.488
11769,62,2.493,2.488
11770,62,2.493,2.488
11772,62,2.493,2.493
11773,62,2.498,2.498
11775,62,2.498,2.493
11776,62,2.502,2.498
11778,62,2.498,2.498
11780,62,2.498,2.498
11781,62,2.498,2.493
11783,62,2.498,2.488
11784,62,2.493,2.488
11786,62,2.493,2.488
11787,62,2.488,2.483
11792,63,2.498,2.493
11793,63,2.498,2.493
11795,63,2.498,2.493
11796,63,2.502,2.498
11798,63,2.498,2.498
11799,63,2.498,2.498
11803,63,2.498,2.488
11805,63,2.493,2.488
11806,63,2.488,2.488
11807,63,2.493,2.483
11809,63,2.493,2.488
11814,60,2.502,2.498
11815,60,2.498,2.498
11817,60,2.502,2.498
11818,60,2.498,2.498
11821,60,2.498,2.498
11822,60,2.493,2.493
11823,60,2.493,2.488
11825,60,2.488,2.488
11826,60,2.488,2.488
11828,60,2.493,2.488
11829,60,2.488,2.488
11831,60,2.493,2.488
11832,60,2.498,2.493
11837,62,2.502,2.498
11839,62,2.502,2.493
11840,62,2.498,2.498
11841,62,2.498,2.493
11843,62,2.493,2.488
11847,62,2.488,2.483
11848,62,2.493,2.488
11850,62,2.493,2.488
11851,62,2.493,2.493
11853,62,2.498,2.493
11854,62,2.502,2.493
11859,62,2.502,2.498
11860,62,2.498,2.493
11862,62,2.498,2.493
11864,62,2.493,2.488
11866,62,2.493,2.488
11867,62,2.488,2.483
11869,62,2.488,2.488
11870,62,2.493,2.488
11871,62,2.493,2.493
11873,62,2.498,2.493
11874,62,2.498,2.498
11876,62,2.498,2.493
11877,62,2.502,2.498
11882,64,2.498,2.493
11884,64,2.493,2.488
11885,64,2.493,2.488
11886,64,2.488,2.488
11891,64,2.493,2.488
11892,64,2.493,2.493
11893,64,2.498,2.498
11895,64,2.498,2.498
11896,64,2.502,2.498
11898,64,2.498,2.493
11899,64,2.498,2.493
11900,64,2.498,2.493
11907,64,2.493,2.488
11908,64,2.488,2.493
11909,64,2.493,2.488
11911,64,2.493,2.488
11912,64,2.498,2.493
11914,64,2.498,2.493
11915,64,2.498,2.498
11916,64,2.498,2.498
11918,64,2.498,2.498
11919,64,2.502,2.493
11921,64,2.498,2.493
11934,62,2.498,2.498
11938,62,2.502,2.498
11939,62,2.498,2.493
11940,62,2.498,2.493
11942,62,2.498,2.493
11951,61,2.493,2.488
11952,61,2.498,2.493
11953,61,2.498,2.493
11955,61,2.498,2.493
11956,61,2.502,2.498
11958,61,2.502,2.498
11959,61,2.498,2.498
11960,61,2.498,2.493
11962,61,2.493,2.493
11963,61,2.493,2.488
11965,61,2.493,2.488
11966,61,2.488,2.483
11968,61,2.493,2.488
11973,60,2.498,2.493
11974,60,2.498,2.498
11975,60,2.498,2.498
11977,60,2.498,2.498
11978,60,2.498,2.498
11980,60,2.498,2.493
11981,60,2.493,2.493
11983,60,2.493,2.493
11984,60,2.493,2.488
11985,60,2.488,2.488
11990,60,2.493,2.493
11996,62,2.498,2.493
11997,62,2.502,2.498
11998,62,2.502,2.498
12000,62,2.498,2.498
12001,62,2.493,2.493
12003,62,2.498,2.493
12004,62,2.493,2.483
12006,62,2.493,2.488
12007,62,2.488,2.483
12008,62,2.488,2.488
12010,62,2.493,2.488
12011,62,2.493,2.493
12013,62,2.498,2.493
12018,62,2.502,2.498
12019,62,2.498,2.493
12021,62,2.498,2.498
12022,62,2.493,2.493
12023,62,2.488,2.488
12025,62,2.493,2.488
12026,62,2.488,2.483
12028,62,2.493,2.488
12029,62,2.493,2.488
12034,62,2.502,2.498
12036,62,2.498,2.493
12037,62,2.502,2.498
12042,62,2.498,2.493
12044,62,2.493,2.488
12045,62,2.493,2.488
12046,62,2.488,2.483
12048,62,2.493,2.483
12049,62,2.493,2.488
12051,62,2.493,2.488
12052,62,2.498,2.493
12053,62,2.498,2.493
12055,62,2.498,2.498
12056,62,2.502,2.498
12058,62,2.498,2.498
12059,62,2.498,2.493
12064,62,2.493,2.488
12066,62,2.488,2.488
12067,62,2.488,2.483
12068,62,2.493,2.488
12070,62,2.493,2.483
12071,62,2.493,2.488
12073,62,2.498,2.493
12078,62,2.498,2.498
12079,62,2.498,2.493
12081,62,2.498,2.493
12082,62,2.498,2.493
12087,63,2.488,2.488
12089,63,2.493,2.488
12090,63,2.493,2.483
12091,63,2.493,2.493
12093,63,2.493,2.493
12094,63,2.502,2.498
12096,63,2.498,2.498
12097,63,2.498,2.498
12098,63,2.498,2.498
12100,63,2.498,2.498
12101,63,2.493,2.493
12103,63,2.493,2.493
12104,63,2.493,2.483
12109,63,2.493,2.488
12111,63,2.493,2.493
12112,63,2.498,2.493
12113,63,2.502,2.493
12115,63,2.498,2.498
12116,63,2.502,2.498
12118,63,2.498,2.498
12123,63,2.493,2.493
12124,63,2.488,2.488
12137,60,2.502,2.498
12141,60,2.498,2.493
12142,60,2.498,2.493
12144,60,2.488,2.488
12145,60,2.493,2.488
12147,60,2.488,2.488
12148,60,2.493,2.488
12153,62,2.502,2.493
12155,62,2.498,2.493
12156,62,2.502,2.498
12157,62,2.502,2.498
12159,62,2.498,2.493
12160,62,2.498,2.493
12163,62,2.498,2.493
12164,62,2.493,2.488
12166,62,2.493,2.488
12167,62,2.488,2.488
12168,62,2.493,2.488
12170,62,2.493,2.488
12171,62,2.498,2.493
12176,64,2.502,2.498
12180,64,2.498,2.493
12182,64,2.493,2.493
12183,64,2.493,2.488
12185,64,2.493,2.488
12186,64,2.488,2.483
12187,64,2.493,2.488
12189,64,2.493,2.488
12190,64,2.493,2.483
12192,64,2.493,2.493
12193,64,2.498,2.498
12195,64,2.498,2.493
12200,62,2.502,2.498
12201,62,2.498,2.493
12202,62,2.493,2.488
12205,62,2.493,2.488
12206,62,2.488,2.488
12208,62,2.493,2.483
12209,62,2.493,2.488
12211,62,2.488,2.488
12212,62,2.498,2.493
12213,62,2.498,2.493
12215,62,2.493,2.493
12216,62,2.502,2.498
12224,65,2.493,2.488
12225,65,2.493,2.488
12227,65,2.493,2.483
12228,65,2.493,2.488
12230,65,2.493,2.488
12231,65,2.493,2.493
12233,65,2.498,2.493
12234,65,2.502,2.498
12235,65,2.498,2.498
12237,65,2.502,2.498
12238,65,2.498,2.498
12240,65,2.498,2.493
12245,65,2.493,2.488
12246,65,2.488,2.488
12249,65,2.488,2.488
12250,65,2.488,2.488
12251,65,2.493,2.488
12253,65,2.498,2.493
12254,65,2.498,2.498
12256,65,2.498,2.493
12257,65,2.502,2.498
12258,65,2.498,2.498
12260,65,2.502,2.493
12268,61,2.493,2.488
12269,61,2.493,2.488
12271,61,2.493,2.488
12272,61,2.498,2.493
12273,61,2.498,2.498
12275,61,2.498,2.493
12276,61,2.502,2.498
12278,61,2.502,2.498
12279,61,2.498,2.498
12280,61,2.498,2.493
12282,61,2.493,2.488
12283,61,2.493,2.488
12285,61,2.493,2.488
12291,61,2.493,2.493
12292,61,2.498,2.493
12294,61,2.498,2.493
12295,61,2.498,2.493
12296,61,2.502,2.498
12298,61,2.498,2.493
12299,61,2.498,2.498
12301,61,2.498,2.493
12302,61,2.493,2.493
12303,61,2.493,2.488
12305,61,2.493,2.488
12313,62,2.498,2.493
12314,62,2.498,2.498
12316,62,2.498,2.498
12317,62,2.502,2.498
12318,62,2.498,2.493
12320,62,2.498,2.493
12321,62,2.493,2.493
12323,62,2.493,2.493
12324,62,2.488,2.488
12338,64,2.502,2.493
12342,64,2.498,2.493
12343,64,2.493,2.488
12345,64,2.493,2.488
12346,64,2.488,2.483
12347,64,2.488,2.488
12349,64,2.493,2.488
12350,64,2.493,2.493
12352,64,2.498,2.493
12353,64,2.498,2.493
12358,62,2.502,2.493
12360,62,2.498,2.493
12361,62,2.498,2.493
12362,62,2.493,2.488
12376,62,2.498,2.498
12381,62,2.498,2.493
12382,62,2.493,2.493
12384,62,2.493,2.488
12385,62,2.493,2.488
12387,62,2.488,2.483
12388,62,2.493,2.488
12389,62,2.493,2.488
12391,62,2.498,2.493
12392,62,2.493,2.488
12394,62,2.498,2.498
12395,62,2.498,2.493
12396,62,2.502,2.498
12398,62,2.498,2.493
12403,61,2.493,2.488
12404,61,2.493,2.488
12406,61,2.488,2.483
12407,61,2.493,2.488
12409,61,2.493,2.488
12410,61,2.493,2.488
12412,61,2.498,2.493
12413,61,2.498,2.498
12414,61,2.498,2.493
12420,61,2.498,2.498
12421,61,2.493,2.488
12426,63,2.493,2.488
12427,63,2.493,2.488
12429,63,2.493,2.488
12430,63,2.493,2.488
12432,63,2.493,2.488
12433,63,2.498,2.493
12435,63,2.498,2.498
12436,63,2.502,2.498
12437,63,2.502,2.498
12439,63,2.498,2.498
12440,63,2.498,2.488
12442,63,2.498,2.493
12443,63,2.493,2.488
12448,63,2.493,2.488
12450,63,2.493,2.488
12451,63,2.493,2.493
12452,63,2.498,2.493
12454,63,2.502,2.498
12455,63,2.502,2.498
12457,63,2.502,2.493
12458,63,2.498,2.493
12459,63,2.498,2.498
12465,63,2.493,2.483
12466,63,2.488,2.483
12471,62,2.493,2.493
12472,62,2.493,2.493
12474,62,2.502,2.498
12475,62,2.502,2.498
12477,62,2.502,2.498
12478,62,2.502,2.498
12480,62,2.498,2.498
12481,62,2.498,2.493
12482,62,2.493,2.493
12484,62,2.493,2.488
12485,62,2.493,2.488
12487,62,2.493,2.488
12488,62,2.493,2.488
12493,63,2.502,2.498
12495,63,2.498,2.493
12496,63,2.502,2.498
12497,63,2.502,2.498
12499,63,2.498,2.493
12500,63,2.498,2.493
12502,63,2.493,2.493
12504,63,2.493,2.488
12508,63,2.488,2.488
12510,63,2.493,2.488
12511,63,2.498,2.488
12516,63,2.502,2.498
12517,63,2.502,2.493
12519,63,2.498,2.493
12520,63,2.498,2.493
12522,63,2.498,2.493
12523,63,2.493,2.488
12525,63,2.493,2.488
12526,63,2.488,2.488
12527,63,2.493,2.483
12529,63,2.493,2.488
12530,63,2.493,2.488
12532,63,2.493,2.493
12533,63,2.502,2.498
12547,61,2.488,2.483
12551,61,2.498,2.488
12552,61,2.493,2.493
12554,61,2.498,2.498
12555,61,2.498,2.493
12556,61,2.502,2.498
12562,60,2.498,2.493
12566,60,2.488,2.483
12567,60,2.493,2.488
12569,60,2.493,2.488
12570,60,2.493,2.488
12571,60,2.498,2.493
12573,60,2.498,2.493
12574,60,2.498,2.498
12576,60,2.502,2.498
12577,60,2.498,2.498
12578,60,2.498,2.493
12584,62,2.493,2.488
12585,62,2.493,2.483
12586,62,2.493,2.488
12589,62,2.493,2.488
12590,62,2.493,2.488
12592,62,2.493,2.488
12593,62,2.498,2.493
12594,62,2.498,2.498
12596,62,2.502,2.498
12597,62,2.502,2.493
12599,62,2.498,2.493
12600,62,2.498,2.493
12602,62,2.498,2.493
12609,63,2.488,2.493
12611,63,2.493,2.488
12612,63,2.493,2.493
12614,63,2.498,2.498
12615,63,2.498,2.498
12616,63,2.502,2.498
12618,63,2.498,2.498
12619,63,2.498,2.493
12621,63,2.493,2.493
12622,63,2.493,2.493
12624,63,2.493,2.483
12629,63,2.493,2.488
12630,63,2.493,2.493
12632,63,2.493,2.493
12634,63,2.498,2.498
12635,63,2.498,2.493
12637,63,2.502,2.498
12638,63,2.502,2.493
12640,63,2.498,2.498
12641,63,2.498,2.493
12642,63,2.493,2.488
12644,63,2.488,2.488
12645,63,2.493,2.488
12647,63,2.488,2.483
12654,61,2.498,2.493
12656,61,2.502,2.498
12657,61,2.498,2.498
12659,61,2.498,2.498
12660,61,2.498,2.493
12662,61,2.493,2.493
12663,61,2.493,2.488
12664,61,2.493,2.488
12666,61,2.488,2.483
12667,61,2.493,2.483
12669,61,2.493,2.488
12675,65,2.502,2.498
12676,65,2.502,2.498
12677,65,2.498,2.498
12679,65,2.498,2.493
12680,65,2.493,2.488
12682,65,2.498,2.493
12683,65,2.493,2.488
12685,65,2.493,2.488
12686,65,2.488,2.488
12687,65,2.493,2.488
12689,65,2.493,2.488
12690,65,2.493,2.488
12698,61,2.498,2.493
12700,61,2.498,2.498
12701,61,2.493,2.488
12702,61,2.493,2.488
12704,61,2.493,2.488
12705,61,2.488,2.488
12707,61,2.488,2.488
12708,61,2.493,2.488
12709,61,2.493,2.488
12711,61,2.493,2.493
12712,61,2.498,2.493
12714,61,2.498,2.498
12720,63,2.502,2.493
12721,63,2.493,2.493
12723,63,2.493,2.488
12724,63,2.488,2.488
12725,63,2.493,2.488
12727,63,2.488,2.483
12728,63,2.488,2.488
12730,63,2.493,2.488
12731,63,2.493,2.488
12732,63,2.498,2.493
12734,63,2.502,2.498
12750,62,2.488,2.488
12753,62,2.502,2.498
12755,62,2.498,2.498
12756,62,2.502,2.498
12758,62,2.498,2.493
12760,62,2.498,2.498
12765,60,2.493,2.488
12767,60,2.488,2.483
12768,60,2.493,2.488
12769,60,2.493,2.488
12771,60,2.493,2.493
12772,60,2.498,2.493
12774,60,2.498,2.498
12775,60,2.498,2.493
12777,60,2.502,2.498
12778,60,2.498,2.498
12779,60,2.498,2.498
12781,60,2.493,2.493
12782,60,2.493,2.493
12787,63,2.493,2.488
12789,63,2.493,2.488
12790,63,2.493,2.488
12792,63,2.493,2.493
12796,63,2.502,2.498
12797,63,2.498,2.498
12799,63,2.498,2.498
12800,63,2.498,2.493
12802,63,2.498,2.493
12804,63,2.488,2.488
12805,63,2.493,2.488
12810,67,2.493,2.493
12812,67,2.493,2.493
12813,67,2.498,2.498
12815,67,2.498,2.493
12816,67,2.502,2.498
12817,67,2.498,2.493
12819,67,2.498,2.493
12820,67,2.498,2.493
12822,67,2.493,2.493
12823,67,2.493,2.488
12824,67,2.488,2.488
12826,67,2.488,2.483
12827,67,2.493,2.488
12832,63,2.498,2.493
12834,63,2.498,2.498
12835,63,2.502,2.498
12837,63,2.498,2.498
12841,63,2.498,2.493
12842,63,2.493,2.488
12843,63,2.493,2.483
12846,63,2.488,2.483
12847,63,2.488,2.488
12849,63,2.493,2.488
12850,63,2.493,2.488
12855,59,2.498,2.493
12857,59,2.502,2.498
12858,59,2.498,2.493
12859,59,2.498,2.493
12861,59,2.498,2.493
12862,59,2.498,2.493
12864,59,2.493,2.488
12865,59,2.488,2.488
12867,59,2.488,2.488
12868,59,2.493,2.488
12869,59,2.493,2.488
12871,59,2.498,2.493
12872,59,2.498,2.493
12877,61,2.498,2.498
12879,61,2.498,2.493
12880,61,2.493,2.493
12884,61,2.493,2.488
12886,61,2.488,2.483
12888,61,2.493,2.488
12890,61,2.493,2.488
12891,61,2.493,2.493
12892,61,2.498,2.493
12894,61,2.498,2.498
12895,61,2.498,2.498
12900,62,2.498,2.493
12902,62,2.493,2.493
12903,62,2.493,2.488
12905,62,2.493,2.488
12906,62,2.488,2.483
12907,62,2.488,2.488
12909,62,2.493,2.488
12910,62,2.493,2.493
12912,62,2.498,2.488
12913,62,2.498,2.498
12914,62,2.498,2.493
12916,62,2.502,2.498
12917,62,2.498,2.493
12922,60,2.493,2.488
12924,60,2.493,2.488
12928,60,2.493,2.488
12930,60,2.493,2.488
12932,60,2.498,2.493
12933,60,2.498,2.498
12935,60,2.498,2.493
12936,60,2.502,2.498
12937,60,2.498,2.498
12950,64,2.493,2.493
12954,64,2.498,2.493
12956,64,2.502,2.498
12957,64,2.502,2.493
12958,64,2.498,2.498
12960,64,2.498,2.493
12961,64,2.498,2.493
12963,64,2.493,2.488
12968,60,2.493,2.488
12969,60,2.493,2.488
12971,60,2.498,2.493
12973,60,2.498,2.498
12975,60,2.498,2.498
12976,60,2.502,2.498
12977,60,2.498,2.498
12979,60,2.498,2.498
12980,60,2.498,2.493
12984,60,2.493,2.488
12986,60,2.488,2.483
12991,62,2.498,2.493
12992,62,2.498,2.493
12994,62,2.498,2.498
12995,62,2.498,2.498
12996,62,2.498,2.498
12998,62,2.498,2.493
12999,62,2.498,2.493
13001,62,2.498,2.493
13002,62,2.493,2.488
13004,62,2.493,2.483
13005,62,2.488,2.483
13006,62,2.488,2.488
13008,62,2.493,2.488
13013,62,2.502,2.498
13014,62,2.498,2.498
13017,62,2.498,2.498
13018,62,2.498,2.498
13020,62,2.502,2.493
13021,62,2.498,2.493
13022,62,2.493,2.488
13024,62,2.493,2.483
13028,62,2.493,2.483
13029,62,2.488,2.488
13031,62,2.493,2.488
13036,64,2.502,2.498
13037,64,2.502,2.493
13039,64,2.498,2.493
13040,64,2.498,2.493
13041,64,2.498,2.493
13043,64,2.493,2.488
13044,64,2.493,2.488
13046,64,2.488,2.483
13047,64,2.493,2.488
13049,64,2.493,2.488
13050,64,2.498,2.493
13051,64,2.498,2.488
13053,64,2.502,2.498
13059,63,2.498,2.493
13060,63,2.498,2.493
13062,63,2.498,2.488
13063,63,2.493,2.488
13065,63,2.493,2.488
13066,63,2.488,2.483
13067,63,2.493,2.488
13072,63,2.493,2.493
13073,63,2.502,2.493
13074,63,2.498,2.493
13076,63,2.502,2.498
13077,63,2.502,2.493
13082,62,2.493,2.488
13084,62,2.488,2.488
13085,62,2.488,2.483
13086,62,2.493,2.488
13088,62,2.493,2.488
13089,62,2.493,2.488
13091,62,2.493,2.488
13092,62,2.498,2.493
13094,62,2.498,2.493
13095,62,2.502,2.498
13096,62,2.498,2.498
13098,62,2.498,2.498
13099,62,2.498,2.493
13105,61,2.493,2.488
13107,61,2.493,2.483
13108,61,2.493,2.488
13110,61,2.493,2.488
13111,61,2.493,2.493
13127,63,2.493,2.483
13128,63,2.493,2.488
13130,63,2.493,2.488
13131,63,2.493,2.493
13132,63,2.498,2.493
13134,63,2.498,2.493
13135,63,2.502,2.502
13137,63,2.498,2.493
13138,63,2.498,2.498
13139,63,2.493,2.488
13141,63,2.498,2.488
13142,63,2.493,2.488
13145,63,2.493,2.488
13150,61,2.493,2.488
13159,61,2.498,2.498
13163,61,2.493,2.483
13164,61,2.493,2.488
13166,61,2.488,2.483
13167,61,2.493,2.488
13172,63,2.502,2.493
13174,63,2.498,2.498
13175,63,2.502,2.498
13177,63,2.498,2.498
13178,63,2.502,2.498
13182,63,2.498,2.488
13184,63,2.493,2.488
13186,63,2.488,2.483
13187,63,2.493,2.488
13189,63,2.493,2.488
13190,63,2.493,2.488
13195,62,2.502,2.498
13197,62,2.502,2.493
13198,62,2.498,2.493
13200,62,2.502,2.493
13201,62,2.498,2.493
13202,62,2.493,2.488
13204,62,2.493,2.488
13205,62,2.488,2.483
13207,62,2.488,2.488
13208,62,2.488,2.488
13209,62,2.493,2.488
13211,62,2.498,2.493
13212,62,2.498,2.493
13217,65,2.502,2.498
13219,65,2.502,2.498
13220,65,2.498,2.493
13222,65,2.498,2.493
13226,65,2.488,2.483
13227,65,2.493,2.488
13229,65,2.493,2.488
13231,65,2.493,2.493
13232,65,2.498,2.493
13234,65,2.502,2.498
13235,65,2.498,2.498
13240,63,2.498,2.493
13242,63,2.498,2.493
13243,63,2.488,2.483
13244,63,2.493,2.488
13246,63,2.488,2.483
13247,63,2.493,2.483
13249,63,2.493,2.488
13250,63,2.493,2.488
13252,63,2.493,2.493
13253,63,2.502,2.498
13254,63,2.498,2.493
13256,63,2.502,2.498
13257,63,2.498,2.498
13262,67,2.493,2.488
13264,67,2.493,2.493
13265,67,2.488,2.483
13269,67,2.493,2.488
13272,67,2.498,2.493
13273,67,2.498,2.498
13274,67,2.498,2.493
13276,67,2.507,2.498
13277,67,2.502,2.493
13279,67,2.502,2.498
13280,67,2.498,2.493
13285,60,2.488,2.483
13287,60,2.488,2.488
13288,60,2.493,2.488
13289,60,2.493,2.488
13291,60,2.498,2.493
13292,60,2.498,2.498
13294,60,2.498,2.498
13295,60,2.502,2.498
13297,60,2.498,2.498
13298,60,2.498,2.498
13299,60,2.498,2.493
13301,60,2.498,2.493
13302,60,2.493,2.488
13307,62,2.493,2.493
13309,62,2.493,2.488
13314,62,2.498,2.498
13315,62,2.498,2.498
13317,62,2.502,2.498
13318,62,2.498,2.493
13319,62,2.498,2.493
13321,62,2.498,2.493
13322,62,2.493,2.493
13324,62,2.488,2.483
13325,62,2.488,2.483
13330,64,2.498,2.493
13332,64,2.498,2.493
13333,64,2.502,2.498
13334,64,2.498,2.498
13336,64,2.502,2.498
13337,64,2.498,2.498
13339,64,2.502,2.498
13340,64,2.498,2.493
13342,64,2.493,2.493
13343,64,2.488,2.488
13344,64,2.488,2.483
13346,64,2.488,2.488
13360,63,2.498,2.498
13364,63,2.493,2.488
13365,63,2.488,2.488
13369,63,2.493,2.488
13371,63,2.493,2.493
13376,62,2.502,2.498
13377,62,2.498,2.498
13379,62,2.498,2.498
13380,62,2.493,2.488
13381,62,2.493,2.493
13383,62,2.488,2.488
13384,62,2.493,2.488
13386,62,2.488,2.488
13387,62,2.493,2.488
13388,62,2.488,2.488
13390,62,2.493,2.493
13391,62,2.498,2.493
13393,62,2.498,2.498
13398,64,2.502,2.498
13400,64,2.498,2.493
13402,64,2.493,2.493
13403,64,2.488,2.488
13404,64,2.493,2.488
13406,64,2.488,2.483
13407,64,2.493,2.488
13409,64,2.493,2.488
13413,64,2.502,2.498
13414,64,2.498,2.493
13416,64,2.502,2.498
13421,62,2.498,2.493
13422,62,2.493,2.488
13424,62,2.493,2.488
13425,62,2.488,2.483
13426,62,2.493,2.488
13428,62,2.493,2.488
13429,62,2.493,2.488
13431,62,2.498,2.493
13432,62,2.498,2.498
13433,62,2.498,2.493
13435,62,2.502,2.498
13436,62,2.502,2.493
13438,62,2.498,2.493
13444,63,2.493,2.488
13445,63,2.488,2.488
13447,63,2.488,2.483
13448,63,2.493,2.488
13449,63,2.493,2.488
13451,63,2.493,2.493
13452,63,2.498,2.493
13456,63,2.498,2.498
13458,63,2.498,2.493
13459,63,2.498,2.493
13461,63,2.493,2.493
13466,63,2.493,2.483
13467,63,2.493,2.488
13469,63,2.493,2.488
13470,63,2.493,2.493
13471,63,2.498,2.493
13473,63,2.502,2.498
13474,63,2.502,2.498
13476,63,2.498,2.498
13477,63,2.498,2.498
13478,63,2.498,2.493
13480,63,2.493,2.493
13481,63,2.493,2.488
13483,63,2.488,2.488
13489,64,2.493,2.488
13490,64,2.493,2.493
13492,64,2.498,2.493
13493,64,2.498,2.498
13494,64,2.498,2.493
13496,64,2.502,2.498
13497,64,2.498,2.498
13501,64,2.498,2.493
13503,64,2.493,2.483
13504,64,2.493,2.483
13506,64,2.488,2.483
13511,62,2.498,2.493
13512,62,2.502,2.493
13514,62,2.498,2.498
13515,62,2.502,2.498
13516,62,2.498,2.493
13518,62,2.502,2.498
13519,62,2.493,2.493
13521,62,2.498,2.493
13522,62,2.493,2.488
13524,62,2.493,2.488
13525,62,2.488,2.483
13526,62,2.488,2.488
13529,62,2.493,2.488
13534,64,2.502,2.493
13535,64,2.502,2.498
13537,64,2.498,2.498
13538,64,2.498,2.493
13540,64,2.498,2.493
13541,64,2.498,2.493
13545,64,2.488,2.483
13547,64,2.493,2.488
13548,64,2.493,2.488
13549,64,2.493,2.488
13562,64,2.493,2.483
13566,64,2.493,2.488
13568,64,2.493,2.488
13570,64,2.493,2.488
13571,64,2.498,2.493
13573,64,2.498,2.498
13574,64,2.498,2.498
13579,61,2.498,2.493
13581,61,2.498,2.493
13582,61,2.493,2.488
13584,61,2.488,2.488
13585,61,2.488,2.483
13586,61,2.488,2.488
13588,61,2.488,2.488
13589,61,2.493,2.488
13591,61,2.493,2.488
13592,61,2.498,2.493
13593,61,2.498,2.493
13595,61,2.502,2.498
13603,63,2.493,2.488
13604,63,2.493,2.483
13606,63,2.488,2.488
13607,63,2.493,2.488
13608,63,2.493,2.488
13610,63,2.493,2.493
13611,63,2.498,2.493
13614,63,2.502,2.498
13615,63,2.498,2.498
13616,63,2.502,2.498
13618,63,2.498,2.493
13619,63,2.498,2.498
13624,63,2.493,2.488
13626,63,2.488,2.483
13627,63,2.493,2.488
13629,63,2.488,2.488
13630,63,2.493,2.488
13631,63,2.498,2.493
13633,63,2.502,2.498
13634,63,2.498,2.493
13636,63,2.502,2.493
13637,63,2.498,2.498
13638,63,2.498,2.498
13646,64,2.493,2.488
13648,64,2.488,2.483
13649,64,2.493,2.493
13651,64,2.498,2.493
13652,64,2.502,2.498
13653,64,2.498,2.493
13656,64,2.502,2.498
13657,64,2.502,2.493
13659,64,2.502,2.493
13660,64,2.498,2.493
13661,64,2.493,2.493
13663,64,2.493,2.483
13664,64,2.493,2.488
13669,65,2.493,2.488
13671,65,2.493,2.493
13672,65,2.498,2.498
13674,65,2.498,2.493
13675,65,2.502,2.498
13676,65,2.502,2.498
13678,65,2.498,2.493
13679,65,2.498,2.493
13681,65,2.498,2.493
13682,65,2.493,2.488
13683,65,2.493,2.488
13691,63,2.498,2.493
13693,63,2.498,2.498
13694,63,2.502,2.498
13696,63,2.502,2.498
13698,63,2.498,2.493
13699,63,2.498,2.493
13701,63,2.498,2.493
13702,63,2.493,2.488
13704,63,2.493,2.488
13705,63,2.488,2.483
13706,63,2.493,2.488
13708,63,2.493,2.488
13709,63,2.488,2.488
13711,63,2.493,2.493
13716,62,2.502,2.498
13717,62,2.502,2.498
13719,62,2.502,2.498
13720,62,2.498,2.493
13721,62,2.493,2.493
13723,62,2.493,2.488
13724,62,2.493,2.483
13726,62,2.488,2.483
13727,62,2.493,2.488
13731,62,2.498,2.493
13733,62,2.502,2.498
13738,62,2.502,2.498
13739,62,2.498,2.493
13742,62,2.498,2.493
13743,62,2.488,2.488
13744,62,2.493,2.488
13746,62,2.488,2.483
13747,62,2.493,2.488
13749,62,2.493,2.488
13750,62,2.498,2.493
13763,64,2.493,2.488
13767,64,2.493,2.488
13768,64,2.493,2.488
13770,64,2.493,2.493
13771,64,2.498,2.493
13773,64,2.502,2.498
13774,64,2.498,2.498
13775,64,2.502,2.498
13777,64,2.498,2.498
13782,62,2.493,2.483
13784,62,2.493,2.488
13786,62,2.488,2.483
13790,62,2.493,2.488
13791,62,2.498,2.493
13793,62,2.498,2.498
13794,62,2.498,2.498
13796,62,2.502,2.498
13797,62,2.498,2.498
13798,62,2.498,2.498
13800,62,2.498,2.493
13805,65,2.488,2.483
13806,65,2.493,2.488
13808,65,2.493,2.488
13809,65,2.488,2.488
13811,65,2.493,2.493
13812,65,2.498,2.498
13813,65,2.498,2.493
13815,65,2.502,2.498
13816,65,2.502,2.498
13818,65,2.498,2.493
13819,65,2.498,2.488
13820,65,2.493,2.493
13822,65,2.493,2.488
13828,62,2.493,2.488
13829,62,2.493,2.488
13833,62,2.502,2.498
13835,62,2.502,2.498
13836,62,2.498,2.498
13838,62,2.502,2.498
13839,62,2.498,2.493
13841,62,2.493,2.493
13842,62,2.493,2.488
13843,62,2.493,2.488
13845,62,2.493,2.488
13846,62,2.493,2.488
13851,63,2.498,2.493
13853,63,2.502,2.498
13854,63,2.502,2.498
13856,63,2.502,2.498
13857,63,2.498,2.498
13858,63,2.498,2.498
13860,63,2.498,2.493
13861,63,2.493,2.493
13863,63,2.493,2.488
13864,63,2.488,2.483
13865,63,2.493,2.488
13867,63,2.493,2.488
13869,63,2.493,2.488
13874,64,2.498,2.493
13886,64,2.493,2.488
13888,64,2.493,2.488
13889,64,2.493,2.493
13891,64,2.498,2.493
13896,63,2.502,2.498
13897,63,2.498,2.498
13899,63,2.498,2.498
13900,63,2.498,2.493
13901,63,2.493,2.493
13903,63,2.493,2.488
13904,63,2.493,2.488
13906,63,2.493,2.488
13907,63,2.493,2.488
13908,63,2.493,2.488
13910,63,2.498,2.493
13912,63,2.498,2.493
13914,63,2.498,2.493
13919,62,2.498,2.498
13920,62,2.498,2.493
13922,62,2.493,2.493
13923,62,2.488,2.488
13925,62,2.493,2.488
13926,62,2.488,2.488
13930,62,2.493,2.493
13931,62,2.498,2.493
13933,62,2.502,2.493
13934,62,2.502,2.498
13936,62,2.502,2.498
13941,62,2.498,2.493
13942,62,2.493,2.488
13944,62,2.493,2.488
13945,62,2.488,2.488
13946,62,2.493,2.488
13948,62,2.493,2.488
13949,62,2.493,2.493
13951,62,2.498,2.493
13952,62,2.502,2.498
13955,62,2.498,2.498
13956,62,2.502,2.498
13957,62,2.498,2.498
13959,62,2.498,2.493
13972,64,2.498,2.493
13976,64,2.502,2.498
13977,64,2.502,2.493
13978,64,2.498,2.498
13980,64,2.493,2.493
13988,63,2.493,2.488
13989,63,2.493,2.493
13991,63,2.498,2.493
13992,63,2.498,2.498
13993,63,2.498,2.493
13995,63,2.502,2.498
13997,63,2.502,2.498
13999,63,2.498,2.498
14000,63,2.498,2.493
14001,63,2.498,2.493
14003,63,2.488,2.488
14004,63,2.493,2.488
14009,64,2.493,2.493
14011,64,2.498,2.493
14012,64,2.498,2.498
14014,64,2.498,2.493
14015,64,2.498,2.498
14016,64,2.498,2.493
14018,64,2.498,2.498
14019,64,2.493,2.493
14021,64,2.498,2.493
14022,64,2.493,2.488
14023,64,2.493,2.488
14025,64,2.488,2.488
14033,61,2.502,2.498
14034,61,2.502,2.498
14036,61,2.498,2.493
14037,61,2.502,2.493
14038,61,2.498,2.493
14041,61,2.498,2.493
14042,61,2.493,2.488
14044,61,2.493,2.488
14045,61,2.493,2.488
14046,61,2.493,2.488
14048,61,2.493,2.488
14049,61,2.493,2.493
14054,63,2.502,2.498
14056,63,2.498,2.498
14057,63,2.498,2.498
14059,63,2.498,2.493
14060,63,2.498,2.493
14061,63,2.493,2.493
14063,63,2.493,2.488
14064,63,2.488,2.483
14066,63,2.493,2.488
14067,63,2.493,2.488
14069,63,2.493,2.488
14076,62,2.502,2.498
14078,62,2.502,2.498
14079,62,2.498,2.493
14082,62,2.498,2.493
14083,62,2.488,2.488
14084,62,2.493,2.488
14086,62,2.493,2.488
14087,62,2.493,2.488
14089,62,2.493,2.488
14090,62,2.498,2.493
14091,62,2.498,2.493
14093,62,2.502,2.498
14094,62,2.502,2.498
14099,64,2.498,2.493
14101,64,2.498,2.493
14102,64,2.493,2.488
14104,64,2.498,2.493
14105,64,2.493,2.488
14106,64,2.493,2.488
14108,64,2.493,2.478
14109,64,2.498,2.493
14111,64,2.498,2.493
14112,64,2.502,2.498
14116,64,2.498,2.493
14121,62,2.493,2.493
14123,62,2.493,2.488
14125,62,2.488,2.483
14127,62,2.493,2.488
14128,62,2.493,2.488
14129,62,2.498,2.493
14131,62,2.498,2.493
14132,62,2.502,2.493
14134,62,2.498,2.493
14135,62,2.502,2.498
14136,62,2.502,2.498
14138,62,2.498,2.498
14139,62,2.498,2.493
14144,62,2.493,2.488
14146,62,2.493,2.488
14147,62,2.493,2.488
14149,62,2.493,2.488
14150,62,2.498,2.493
14151,62,2.498,2.493
14153,62,2.498,2.498
14154,62,2.502,2.498
14156,62,2.498,2.498
14160,62,2.498,2.493
14161,62,2.498,2.493
14175,62,2.507,2.502
14179,62,2.507,2.498
14180,62,2.512,2.507
14182,62,2.502,2.498
14183,62,2.507,2.502
14185,62,2.498,2.493
14190,62,2.498,2.498
14191,62,2.502,2.502
14193,62,2.502,2.498
14194,62,2.502,2.498
14195,62,2.502,2.502
14197,62,2.502,2.502
14198,62,2.507,2.502
14200,62,2.507,2.502
14201,62,2.502,2.502
14202,62,2.502,2.498
14204,62,2.498,2.493
14205,62,2.507,2.502
14207,62,2.502,2.498
14213,63,2.507,2.502
14214,63,2.502,2.498
14216,63,2.502,2.502
14220,63,2.498,2.493
14221,63,2.498,2.493
14223,63,2.493,2.488
14224,63,2.493,2.488
14225,63,2.493,2.488
14227,63,2.493,2.488
14228,63,2.493,2.488
14230,63,2.493,2.493
14235,64,2.502,2.498
14236,64,2.498,2.498
14238,64,2.498,2.498
14239,64,2.498,2.493
14240,64,2.493,2.493
14242,64,2.493,2.488
14243,64,2.493,2.488
14245,64,2.493,2.483
14246,64,2.493,2.488
14247,64,2.493,2.488
14249,64,2.493,2.493
14250,64,2.498,2.493
14253,64,2.498,2.498
14258,62,2.498,2.493
14259,62,2.498,2.493
14263,62,2.493,2.493
14265,62,2.493,2.488
14266,62,2.493,2.488
14268,62,2.493,2.488
14269,62,2.493,2.488
14270,62,2.498,2.493
14272,62,2.498,2.498
14273,62,2.498,2.493
14275,62,2.502,2.498
14280,62,2.498,2.493
14281,62,2.493,2.493
14283,62,2.493,2.493
14284,62,2.488,2.483
14285,62,2.493,2.488
14287,62,2.493,2.488
14288,62,2.493,2.493
14290,62,2.498,2.493
14291,62,2.498,2.498
14292,62,2.498,2.498
14294,62,2.502,2.498
14296,62,2.502,2.498
14298,62,2.498,2.498
14303,66,2.493,2.488
14307,66,2.493,2.488
14308,66,2.493,2.488
14310,66,2.498,2.498
14311,66,2.498,2.498
14313,66,2.502,2.498
14314,66,2.502,2.498
14315,66,2.502,2.498
14317,66,2.502,2.498
14318,66,2.502,2.498
14320,66,2.498,2.493
14321,66,2.498,2.493
14326,65,2.498,2.493
14328,65,2.493,2.493
14329,65,2.498,2.498
14330,65,2.498,2.498
14332,65,2.502,2.498
14333,65,2.502,2.498
14335,65,2.507,2.498
14336,65,2.502,2.498
14338,65,2.502,2.498
14340,65,2.498,2.493
14341,65,2.498,2.493
14343,65,2.493,2.493
14351,62,2.498,2.493
14352,62,2.502,2.498
14353,62,2.498,2.498
14355,62,2.502,2.498
14356,62,2.502,2.498
14358,62,2.507,2.502
14359,62,2.502,2.498
14360,62,2.502,2.498
14362,62,2.498,2.493
14375,61,2.502,2.498
14379,61,2.498,2.493
14381,61,2.498,2.493
14382,61,2.493,2.488
14384,61,2.498,2.493
14385,61,2.493,2.488
14387,61,2.493,2.488
14388,61,2.493,2.493
14393,63,2.502,2.498
14395,63,2.502,2.502
14396,63,2.502,2.498
14397,63,2.498,2.498
14399,63,2.498,2.493
14400,63,2.498,2.493
14402,63,2.493,2.488
14406,63,2.493,2.488
14407,63,2.493,2.488
14409,63,2.493,2.488
14410,63,2.498,2.493
14411,63,2.498,2.493
14417,62,2.498,2.498
14418,62,2.498,2.493
14419,62,2.498,2.493
14421,62,2.493,2.493
14422,62,2.493,2.488
14425,62,2.488,2.483
14426,62,2.493,2.488
14427,62,2.488,2.488
14429,62,2.493,2.488
14430,62,2.498,2.493
14432,62,2.498,2.493
14433,62,2.498,2.493
14435,62,2.502,2.498
14440,64,2.498,2.493
14441,64,2.493,2.493
14442,64,2.493,2.488
14444,64,2.493,2.488
14445,64,2.493,2.488
14449,64,2.493,2.493
14451,64,2.498,2.493
14452,64,2.498,2.498
14454,64,2.498,2.498
14455,64,2.498,2.498
14456,64,2.498,2.493
14462,66,2.493,2.488
14463,66,2.493,2.488
14464,66,2.493,2.488
14467,66,2.493,2.488
14468,66,2.493,2.488
14470,66,2.498,2.493
14471,66,2.498,2.493
14472,66,2.502,2.498
14474,66,2.498,2.498
14475,66,2.502,2.498
14477,66,2.502,2.498
14478,66,2.502,2.498
14480,66,2.498,2.493
14485,61,2.493,2.488
14486,61,2.493,2.488
14488,61,2.493,2.493
14489,61,2.493,2.493
14493,61,2.498,2.498
14494,61,2.502,2.498
14496,61,2.502,2.498
14497,61,2.502,2.498
14499,61,2.498,2.493
14500,61,2.498,2.493
14501,61,2.498,2.488
14507,64,2.493,2.493
14509,64,2.498,2.493
14510,64,2.498,2.493
14512,64,2.498,2.498
14513,64,2.498,2.493
14515,64,2.502,2.498
14516,64,2.498,2.493
14517,64,2.498,2.498
14519,64,2.498,2.498
14520,64,2.498,2.493
14522,64,2.493,2.493
14523,64,2.493,2.493
14525,64,2.493,2.488
14530,65,2.498,2.493
14531,65,2.498,2.498
14533,65,2.502,2.498
14534,65,2.502,2.498
14538,65,2.498,2.493
14539,65,2.498,2.493
14541,65,2.493,2.493
14542,65,2.493,2.493
14544,65,2.493,2.488
14545,65,2.493,2.488
14547,65,2.493,2.493
14553,62,2.502,2.498
14554,62,2.498,2.498
14555,62,2.498,2.498
14557,62,2.498,2.493
14558,62,2.498,2.493
14560,62,2.498,2.493
14561,62,2.493,2.493
14563,62,2.488,2.488
14576,63,2.498,2.498
14579,63,2.493,2.498
14581,63,2.493,2.493
14582,63,2.488,2.493
14584,63,2.488,2.488
14585,63,2.488,2.488
14586,63,2.493,2.488
14588,63,2.493,2.488
14592,63,2.498,2.498
14598,60,2.498,2.498
14600,60,2.498,2.493
14601,60,2.498,2.493
14602,60,2.493,2.488
14604,60,2.493,2.488
14605,60,2.493,2.488
14607,60,2.493,2.488
14608,60,2.493,2.488
14609,60,2.498,2.493
14611,60,2.498,2.493
14612,60,2.502,2.498
14614,60,2.502,2.498
14615,60,2.498,2.498
14620,65,2.498,2.493
14622,65,2.493,2.488
14623,65,2.498,2.493
14624,65,2.493,2.488
14626,65,2.493,2.488
14627,65,2.493,2.488
14629,65,2.498,2.493
14630,65,2.498,2.493
14631,65,2.502,2.498
14648,63,2.493,2.493
14650,63,2.493,2.493
14651,63,2.498,2.493
14653,63,2.502,2.493
14654,63,2.502,2.498
14655,63,2.502,2.498
14657,63,2.502,2.498
14658,63,2.498,2.493
14660,63,2.498,2.493
14665,64,2.493,2.488
14666,64,2.493,2.488
14668,64,2.493,2.488
14669,64,2.498,2.488
14670,64,2.498,2.493
14672,64,2.502,2.498
14673,64,2.502,2.498
14675,64,2.498,2.498
14676,64,2.498,2.493
14678,64,2.498,2.498
14680,64,2.498,2.493
14681,64,2.493,2.493
14683,64,2.493,2.488
14688,64,2.493,2.488
14692,64,2.502,2.498
14693,64,2.498,2.498
14695,64,2.502,2.498
14696,64,2.498,2.498
14698,64,2.498,2.498
14699,64,2.498,2.493
14701,64,2.498,2.493
14702,64,2.493,2.488
14703,64,2.493,2.488
14705,64,2.488,2.488
14710,64,2.498,2.493
14711,64,2.498,2.498
14713,64,2.498,2.493
14714,64,2.502,2.498
14716,64,2.502,2.498
14717,64,2.502,2.498
14718,64,2.498,2.493
14720,64,2.498,2.493
14722,64,2.493,2.488
14724,64,2.493,2.488
14725,64,2.493,2.488
14726,64,2.493,2.488
14728,64,2.493,2.493
14733,62,2.498,2.493
14737,62,2.502,2.498
14739,62,2.498,2.493
14740,62,2.498,2.493
14741,62,2.493,2.493
14743,62,2.493,2.493
14744,62,2.493,2.488
14746,62,2.493,2.488
14747,62,2.493,2.488
14748,62,2.498,2.488
14750,62,2.498,2.493
14755,62,2.498,2.498
14756,62,2.498,2.498
14758,62,2.502,2.493
14759,62,2.498,2.493
14761,62,2.498,2.493
14762,62,2.493,2.493
14763,62,2.493,2.488
14766,62,2.493,2.488
14767,62,2.493,2.488
14769,62,2.493,2.493
14770,62,2.498,2.493
14771,62,2.498,2.493
14784,64,2.488,2.488
14791,64,2.502,2.498
14792,64,2.498,2.493
14794,64,2.502,2.498
14795,64,2.502,2.498
14800,63,2.498,2.493
14802,63,2.493,2.488
14803,63,2.493,2.488
14805,63,2.493,2.488
14806,63,2.493,2.488
14808,63,2.493,2.488
14810,63,2.498,2.493
14811,63,2.498,2.493
14813,63,2.498,2.498
14814,63,2.502,2.498
14815,63,2.502,2.498
14817,63,2.498,2.498
14818,63,2.498,2.498
14823,63,2.493,2.488
14825,63,2.488,2.488
14826,63,2.493,2.488
14828,63,2.493,2.493
14829,63,2.498,2.493
14831,63,2.498,2.493
14835,63,2.498,2.498
14836,63,2.502,2.498
14837,63,2.498,2.498
14839,63,2.498,2.493
14840,63,2.493,2.493
14845,64,2.493,2.488
14847,64,2.493,2.488
14848,64,2.493,2.493
14851,64,2.498,2.493
14852,64,2.498,2.498
14853,64,2.498,2.493
14855,64,2.502,2.498
14856,64,2.498,2.498
14858,64,2.502,2.498
14859,64,2.498,2.493
14861,64,2.498,2.493
14862,64,2.493,2.488
14863,64,2.493,2.488
14868,65,2.493,2.493
14870,65,2.498,2.493
14871,65,2.498,2.498
14873,65,2.498,2.493
14874,65,2.502,2.498
14878,65,2.498,2.493
14880,65,2.498,2.493
14881,65,2.493,2.488
14882,65,2.493,2.493
14884,65,2.488,2.488
14885,65,2.493,2.488
14890,65,2.502,2.498
14893,65,2.498,2.498
14894,65,2.502,2.498
14896,65,2.502,2.493
14897,65,2.502,2.498
14898,65,2.498,2.493
14900,65,2.498,2.493
14901,65,2.493,2.493
14903,65,2.493,2.488
14904,65,2.488,2.483
14906,65,2.493,2.488
14907,65,2.493,2.488
14908,65,2.493,2.488
14913,67,2.498,2.498
14915,67,2.502,2.498
14916,67,2.498,2.493
14918,67,2.498,2.498
14919,67,2.498,2.493
14923,67,2.488,2.488
14925,67,2.493,2.488
14926,67,2.493,2.488
14927,67,2.493,2.488
14929,67,2.498,2.493
14930,67,2.498,2.493
14936,65,2.498,2.498
14938,65,2.498,2.498
14939,65,2.498,2.498
14941,65,2.493,2.493
14942,65,2.493,2.488
14944,65,2.493,2.488
14945,65,2.493,2.488
14946,65,2.493,2.488
14948,65,2.493,2.488
14949,65,2.498,2.498
14951,65,2.498,2.493
14952,65,2.502,2.498
14953,65,2.502,2.498
14959,62,2.498,2.493
14960,62,2.498,2.493
14961,62,2.493,2.488
14963,62,2.493,2.488
14967,62,2.493,2.488
14968,62,2.493,2.493
14970,62,2.498,2.493
14971,62,2.498,2.498
14973,62,2.498,2.493
14974,62,2.502,2.498
14988,62,2.493,2.488
14992,62,2.498,2.498
14993,62,2.498,2.498
14995,62,2.502,2.498
14996,62,2.498,2.498
14997,62,2.498,2.498
14999,62,2.498,2.493
15004,64,2.493,2.488
15005,64,2.488,2.488
15007,64,2.493,2.488
15008,64,2.493,2.493
15010,64,2.498,2.493
15011,64,2.502,2.493
15012,64,2.498,2.493
15014,64,2.502,2.498
15015,64,2.498,2.493
15017,64,2.498,2.493
15022,64,2.493,2.488
15027,63,2.493,2.493
15028,63,2.493,2.488
15030,63,2.493,2.493
15031,63,2.498,2.498
15033,63,2.498,2.498
15034,63,2.502,2.498
15035,63,2.502,2.498
15037,63,2.498,2.498
15038,63,2.498,2.493
15040,63,2.493,2.493
15041,63,2.493,2.488
15043,63,2.493,2.488
15044,63,2.488,2.483
15049,63,2.498,2.493
15051,63,2.498,2.498
15052,63,2.498,2.498
15053,63,2.502,2.498
15055,63,2.502,2.498
15056,63,2.502,2.498
15058,63,2.498,2.493
15059,63,2.498,2.493
15060,63,2.493,2.488
15062,63,2.493,2.488
15067,63,2.493,2.488
15072,66,2.502,2.498
15073,66,2.502,2.498
15075,66,2.502,2.498
15076,66,2.498,2.493
15078,66,2.502,2.498
15079,66,2.498,2.493
15081,66,2.493,2.493
15082,66,2.493,2.488
15083,66,2.493,2.488
15085,66,2.493,2.488
15086,66,2.493,2.488
15088,66,2.493,2.488
15089,66,2.498,2.493
15094,61,2.502,2.498
15096,61,2.502,2.493
15097,61,2.498,2.498
15098,61,2.498,2.493
15100,61,2.498,2.493
15101,61,2.493,2.488
15103,61,2.493,2.488
15104,61,2.488,2.483
15106,61,2.493,2.488
15111,61,2.498,2.493
15112,61,2.502,2.498
15117,64,2.502,2.493
15119,64,2.498,2.493
15120,64,2.498,2.493
15121,64,2.493,2.488
15123,64,2.493,2.488
15124,64,2.488,2.483
15126,64,2.493,2.483
15127,64,2.493,2.483
15128,64,2.498,2.488
15130,64,2.498,2.488
15131,64,2.502,2.493
15133,64,2.498,2.493
15134,64,2.502,2.498
15139,64,2.498,2.493
15141,64,2.488,2.488
15142,64,2.493,2.488
15143,64,2.488,2.483
15145,64,2.493,2.488
15146,64,2.493,2.488
15149,64,2.493,2.488
15150,64,2.498,2.493
15154,64,2.502,2.498
15156,64,2.498,2.498
15157,64,2.498,2.498
15162,65,2.493,2.488
15164,65,2.488,2.483
15165,65,2.493,2.483
15166,65,2.488,2.488
15168,65,2.493,2.488
15169,65,2.493,2.493
15171,65,2.498,2.493
15172,65,2.498,2.498
15173,65,2.502,2.498
15175,65,2.502,2.498
15188,59,2.498,2.493
15193,59,2.498,2.498
15194,59,2.502,2.498
15196,59,2.502,2.498
15197,59,2.498,2.493
15198,59,2.498,2.493
15200,59,2.498,2.488
15201,59,2.493,2.483
15203,59,2.493,2.488
15208,64,2.493,2.488
15212,64,2.502,2.493
15213,64,2.502,2.493
15215,64,2.498,2.498
15216,64,2.498,2.493
15217,64,2.502,2.493
15219,64,2.498,2.488
15220,64,2.498,2.488
15222,64,2.493,2.488
15223,64,2.493,2.483
15225,64,2.493,2.488
15230,63,2.498,2.493
15231,63,2.502,2.498
15232,63,2.502,2.498
15235,63,2.502,2.498
15236,63,2.502,2.498
15238,63,2.502,2.498
15239,63,2.498,2.493
15241,63,2.498,2.493
15242,63,2.493,2.488
15243,63,2.493,2.488
15245,63,2.493,2.488
15246,63,2.493,2.488
15248,63,2.493,2.488
15253,69,2.502,2.498
15257,69,2.498,2.498
15258,69,2.498,2.493
15260,69,2.498,2.493
15261,69,2.493,2.488
15263,69,2.498,2.493
15264,69,2.488,2.488
15265,69,2.493,2.488
15267,69,2.493,2.488
15268,69,2.498,2.493
15270,69,2.498,2.493
15275,62,2.502,2.498
15277,62,2.502,2.498
15279,62,2.502,2.498
15280,62,2.498,2.493
15281,62,2.493,2.488
15283,62,2.498,2.493
15284,62,2.488,2.483
15286,62,2.493,2.488
15287,62,2.493,2.488
15288,62,2.498,2.493
15290,62,2.498,2.493
15291,62,2.502,2.498
15293,62,2.498,2.498
15301,63,2.498,2.493
15302,63,2.498,2.493
15303,63,2.493,2.488
15305,63,2.493,2.488
15306,63,2.493,2.488
15308,63,2.493,2.493
15309,63,2.498,2.493
15310,63,2.498,2.498
15312,63,2.502,2.502
15313,63,2.502,2.498
15315,63,2.498,2.498
15316,63,2.498,2.493
15322,62,2.493,2.488
15324,62,2.493,2.488
15325,62,2.493,2.488
15326,62,2.493,2.488
15328,62,2.493,2.493
15329,62,2.493,2.488
15331,62,2.498,2.493
15332,62,2.498,2.493
15333,62,2.502,2.498
15335,62,2.502,2.493
15336,62,2.498,2.493
15344,65,2.488,2.483
15346,65,2.493,2.488
15347,65,2.493,2.488
15348,65,2.493,2.493
15350,65,2.498,2.493
15351,65,2.498,2.493
15353,65,2.498,2.493
15354,65,2.502,2.498
15355,65,2.498,2.493
15357,65,2.498,2.493
15358,65,2.498,2.493
15360,65,2.498,2.488
15362,65,2.493,2.483
15367,63,2.493,2.488
15369,63,2.493,2.488
15370,63,2.493,2.488
15371,63,2.498,2.493
15373,63,2.498,2.493
15374,63,2.502,2.493
15376,63,2.498,2.493
15389,65,2.498,2.493
15392,65,2.498,2.493
15394,65,2.502,2.498
15407,65,2.493,2.488
15412,63,2.498,2.493
15414,63,2.502,2.498
15415,63,2.502,2.498
15416,63,2.498,2.493
15418,63,2.498,2.493
15419,63,2.498,2.488
15421,63,2.493,2.488
15422,63,2.493,2.488
15423,63,2.493,2.483
15425,63,2.493,2.483
15426,63,2.493,2.488
15428,63,2.493,2.488
15429,63,2.498,2.488
15434,60,2.502,2.493
15436,60,2.502,2.493
15437,60,2.498,2.493
15438,60,2.498,2.488
15440,60,2.493,2.488
15441,60,2.488,2.483
15443,60,2.493,2.488
15444,60,2.488,2.483
15445,60,2.493,2.488
15448,60,2.493,2.488
15452,60,2.498,2.498
15457,64,2.502,2.493
15459,64,2.498,2.493
15460,64,2.498,2.493
15461,64,2.493,2.488
15463,64,2.493,2.488
15464,64,2.488,2.483
15466,64,2.493,2.488
15467,64,2.493,2.488
15468,64,2.493,2.488
15470,64,2.498,2.493
15471,64,2.498,2.498
15473,64,2.498,2.493
15474,64,2.502,2.498
15479,61,2.493,2.493
15481,61,2.488,2.488
15482,61,2.493,2.493
15483,61,2.488,2.483
15485,61,2.493,2.488
15486,61,2.493,2.488
15488,61,2.498,2.493
15490,61,2.493,2.488
15492,61,2.498,2.493
15496,61,2.502,2.493
15497,61,2.498,2.493
15502,62,2.493,2.488
15504,62,2.488,2.483
15505,62,2.493,2.488
15506,62,2.493,2.488
15508,62,2.498,2.488
15509,62,2.498,2.493
15511,62,2.498,2.498
15512,62,2.498,2.493
15513,62,2.498,2.498
15515,62,2.498,2.493
15516,62,2.498,2.493
15518,62,2.498,2.493
15519,62,2.493,2.488
15524,61,2.498,2.488
15526,61,2.493,2.488
15527,61,2.493,2.488
15529,61,2.498,2.493
15530,61,2.498,2.493
15531,61,2.498,2.493
15534,61,2.498,2.498
15535,61,2.498,2.493
15539,61,2.493,2.488
15541,61,2.493,2.488
15542,61,2.493,2.488
15547,64,2.493,2.488
15549,64,2.498,2.493
15550,64,2.493,2.493
15552,64,2.498,2.493
15553,64,2.498,2.493
15554,64,2.498,2.498
15556,64,2.498,2.493
15557,64,2.498,2.493
15559,64,2.498,2.493
15560,64,2.493,2.488
15561,64,2.493,2.488
15563,64,2.493,2.488
15564,64,2.493,2.488
15569,65,2.498,2.493
15571,65,2.498,2.498
15572,65,2.498,2.493
15574,65,2.502,2.498
15576,65,2.498,2.493
15577,65,2.498,2.493
15579,65,2.498,2.493
15580,65,2.493,2.493
15584,65,2.493,2.488
15586,65,2.488,2.488
15587,65,2.493,2.488
15600,65,2.493,2.488
15604,65,2.493,2.488
15605,65,2.493,2.488
15607,65,2.493,2.488
15608,65,2.493,2.493
15610,65,2.498,2.493
15615,64,2.502,2.493
15616,64,2.498,2.493
15619,64,2.498,2.493
15620,64,2.493,2.488
15621,64,2.493,2.488
15623,64,2.493,2.488
15624,64,2.488,2.483
15626,64,2.493,2.488
15627,64,2.493,2.488
15629,64,2.493,2.493
15630,64,2.498,2.493
15631,64,2.502,2.498
15633,64,2.498,2.498
15638,61,2.498,2.493
15642,61,2.493,2.488
15643,61,2.488,2.488
15645,61,2.493,2.488
15646,61,2.493,2.488
15648,61,2.493,2.493
15649,61,2.498,2.493
15650,61,2.498,2.493
15652,61,2.498,2.493
15653,61,2.502,2.498
15655,61,2.498,2.493
15661,63,2.498,2.488
15662,63,2.493,2.488
15664,63,2.488,2.488
15665,63,2.493,2.488
15666,63,2.493,2.488
15668,63,2.493,2.488
15669,63,2.498,2.493
15671,63,2.498,2.493
15672,63,2.498,2.493
15674,63,2.502,2.498
15675,63,2.498,2.493
15676,63,2.498,2.493
15678,63,2.498,2.493
15686,63,2.493,2.488
15687,63,2.493,2.488
15688,63,2.493,2.493
15690,63,2.498,2.493
15691,63,2.498,2.493
15693,63,2.498,2.498
15694,63,2.498,2.498
15696,63,2.498,2.493
15697,63,2.498,2.493
15698,63,2.498,2.493
15700,63,2.493,2.488
15706,63,2.493,2.488
15707,63,2.488,2.488
15709,63,2.493,2.493
15710,63,2.498,2.493
15712,63,2.498,2.498
15713,63,2.498,2.493
15714,63,2.498,2.498
15716,63,2.498,2.493
15717,63,2.498,2.493
15719,63,2.493,2.493
15720,63,2.493,2.493
15721,63,2.488,2.488
15729,63,2.498,2.488
15731,63,2.498,2.498
15732,63,2.498,2.493
15734,63,2.498,2.498
15735,63,2.498,2.498
15736,63,2.498,2.498
15738,63,2.493,2.488
15739,63,2.493,2.493
15741,63,2.493,2.483
15742,63,2.493,2.488
15743,63,2.493,2.483
15746,63,2.493,2.488
15751,63,2.502,2.493
15752,63,2.498,2.493
15754,63,2.502,2.498
15755,63,2.498,2.498
15757,63,2.498,2.493
15758,63,2.498,2.493
15759,63,2.493,2.493
15761,63,2.493,2.488
15762,63,2.493,2.488
15764,63,2.493,2.483
15765,63,2.493,2.488
15766,63,2.493,2.488
15774,62,2.502,2.493
15776,62,2.498,2.498
15777,62,2.498,2.493
15779,62,2.498,2.493
15780,62,2.493,2.488
15781,62,2.493,2.488
15783,62,2.493,2.488
15784,62,2.493,2.488
15786,62,2.493,2.488
15787,62,2.493,2.488
15801,61,2.493,2.488
15805,61,2.493,2.488
15806,61,2.493,2.488
15808,61,2.493,2.493
15809,61,2.498,2.493
15811,61,2.498,2.498
15812,61,2.498,2.493
15813,61,2.502,2.498
15818,65,2.498,2.493
15820,65,2.493,2.488
15821,65,2.493,2.488
15823,65,2.488,2.488
15824,65,2.493,2.488
15828,65,2.498,2.493
15830,65,2.498,2.493
15832,65,2.498,2.493
15833,65,2.498,2.498
15835,65,2.498,2.498
15836,65,2.498,2.493
15841,63,2.493,2.488
15843,63,2.488,2.488
15844,63,2.488,2.483
15846,63,2.493,2.488
15847,63,2.493,2.488
15848,63,2.493,2.493
15850,63,2.498,2.493
15851,63,2.502,2.498
15853,63,2.502,2.498
15854,63,2.502,2.498
15856,63,2.498,2.493
15857,63,2.498,2.493
15858,63,2.493,2.493
15863,60,2.488,2.483
15865,60,2.493,2.488
15866,60,2.493,2.488
15868,60,2.493,2.488
15872,60,2.498,2.493
15874,60,2.498,2.498
15876,60,2.498,2.498
15877,60,2.498,2.493
15878,60,2.498,2.493
15880,60,2.493,2.488
15881,60,2.493,2.483
15886,64,2.493,2.488
15888,64,2.493,2.488
15889,64,2.498,2.493
15891,64,2.498,2.493
15892,64,2.498,2.493
15893,64,2.502,2.498
15895,64,2.498,2.493
15896,64,2.498,2.498
15898,64,2.498,2.493
15899,64,2.493,2.493
15901,64,2.493,2.488
15902,64,2.493,2.488
15903,64,2.488,2.483
15909,65,2.498,2.493
15910,65,2.498,2.493
15911,65,2.498,2.493
15917,65,2.498,2.493
15918,65,2.498,2.493
15919,65,2.493,2.493
15921,65,2.493,2.488
15922,65,2.493,2.488
15924,65,2.488,2.483
15925,65,2.493,2.483
15926,65,2.493,2.488
15932,65,2.498,2.493
15933,65,2.498,2.498
15934,65,2.502,2.498
15936,65,2.498,2.493
15937,65,2.498,2.498
15939,65,2.498,2.493
15940,65,2.493,2.493
15941,65,2.493,2.488
15943,65,2.488,2.488
15944,65,2.493,2.488
15946,65,2.493,2.488
15947,65,2.493,2.488
15949,65,2.498,2.493
15954,65,2.502,2.493
15955,65,2.498,2.498
15956,65,2.498,2.493
15962,65,2.488,2.488
15963,65,2.493,2.488
15964,65,2.488,2.483
15966,65,2.493,2.488
15967,65,2.493,2.488
15969,65,2.498,2.493
15970,65,2.498,2.493
15971,65,2.498,2.498
15977,63,2.498,2.493
15978,63,2.493,2.493
15979,63,2.493,2.488
15981,63,2.488,2.488
15982,63,2.493,2.488
15984,63,2.488,2.488
15985,63,2.493,2.488
15987,63,2.493,2.488
15988,63,2.498,2.493
16002,63,2.493,2.488
16006,63,2.493,2.488
16007,63,2.493,2.488
16009,63,2.498,2.493
16010,63,2.498,2.493
16011,63,2.502,2.498
16016,63,2.502,2.493
16017,63,2.498,2.498
16022,63,2.493,2.488
16023,63,2.493,2.488
16025,63,2.493,2.488
16026,63,2.493,2.488
16028,63,2.493,2.493
16029,63,2.498,2.493
16031,63,2.498,2.493
16032,63,2.498,2.493
16033,63,2.502,2.498
16035,63,2.498,2.498
16036,63,2.498,2.493
16038,63,2.498,2.493
16039,63,2.498,2.488
16045,67,2.493,2.488
16047,67,2.493,2.488
16048,67,2.493,2.488
16049,67,2.493,2.493
16051,67,2.498,2.498
16052,67,2.498,2.493
16054,67,2.502,2.498
16055,67,2.498,2.498
16059,67,2.493,2.493
16061,67,2.488,2.488
16062,67,2.493,2.488
16067,64,2.493,2.488
16069,64,2.493,2.493
16070,64,2.498,2.493
16071,64,2.498,2.498
16073,64,2.502,2.498
16074,64,2.498,2.498
16076,64,2.498,2.493
16077,64,2.498,2.493
16078,64,2.493,2.493
16080,64,2.493,2.488
16081,64,2.493,2.488
16083,64,2.488,2.483
16084,64,2.493,2.488
16090,61,2.498,2.493
16092,61,2.498,2.498
16093,61,2.498,2.493
16094,61,2.502,2.493
16096,61,2.498,2.493
16097,61,2.502,2.493
16099,61,2.493,2.493
16100,61,2.493,2.493
16104,61,2.488,2.488
16106,61,2.493,2.488
16107,61,2.493,2.488
16112,64,2.498,2.493
16114,64,2.502,2.498
16115,64,2.498,2.493
16116,64,2.498,2.493
16118,64,2.498,2.493
16119,64,2.498,2.493
16121,64,2.493,2.488
16122,64,2.493,2.488
16123,64,2.488,2.488
16125,64,2.493,2.488
16126,64,2.488,2.488
16128,64,2.493,2.488
16130,64,2.498,2.493
16135,64,2.502,2.498
16137,64,2.498,2.493
16138,64,2.498,2.493
16139,64,2.498,2.493
16141,64,2.493,2.488
16142,64,2.493,2.488
16144,64,2.488,2.483
16159,64,2.498,2.493
16161,64,2.493,2.483
16162,64,2.493,2.488
16164,64,2.493,2.488
16165,64,2.493,2.488
16167,64,2.493,2.488
16168,64,2.493,2.493
16169,64,2.498,2.493
16171,64,2.498,2.498
16173,64,2.498,2.498
16175,64,2.498,2.493
16176,64,2.498,2.493
16181,65,2.493,2.488
16183,65,2.493,2.488
16184,65,2.493,2.483
16185,65,2.493,2.488
16187,65,2.493,2.488
16188,65,2.493,2.488
16190,65,2.493,2.493
16191,65,2.502,2.498
16192,65,2.498,2.498
16194,65,2.502,2.493
16195,65,2.498,2.493
16203,64,2.488,2.483
16212,64,2.502,2.498
16217,64,2.498,2.493
16219,64,2.498,2.493
16220,64,2.493,2.493
16221,64,2.493,2.488
16227,62,2.493,2.488
16228,62,2.493,2.493
16229,62,2.493,2.493
16231,62,2.498,2.498
16232,62,2.498,2.493
16234,62,2.502,2.498
16235,62,2.498,2.493
16236,62,2.498,2.493
16238,62,2.493,2.488
16239,62,2.493,2.493
16241,62,2.493,2.488
16242,62,2.493,2.488
16243,62,2.488,2.483
16249,62,2.498,2.493
16250,62,2.502,2.493
16251,62,2.498,2.493
16253,62,2.502,2.498
16258,62,2.498,2.493
16259,62,2.493,2.488
16261,62,2.488,2.488
16262,62,2.493,2.488
16264,62,2.488,2.483
16265,62,2.493,2.488
16266,62,2.493,2.488
16272,64,2.498,2.498
16273,64,2.502,2.498
16274,64,2.498,2.493
16276,64,2.498,2.493
16277,64,2.498,2.493
16279,64,2.498,2.493
16280,64,2.493,2.488
16281,64,2.493,2.488
16283,64,2.493,2.483
16284,64,2.493,2.488
16286,64,2.493,2.488
16287,64,2.493,2.493
16289,64,2.498,2.493
16294,61,2.502,2.498
16295,61,2.498,2.493
16296,61,2.498,2.493
16298,61,2.498,2.493
16303,61,2.488,2.483
16304,61,2.493,2.488
16306,61,2.493,2.488
16307,61,2.493,2.488
16309,61,2.493,2.493
16310,61,2.498,2.493
16312,61,2.498,2.493
16317,62,2.498,2.498
16318,62,2.498,2.493
16319,62,2.493,2.493
16321,62,2.488,2.488
16322,62,2.493,2.488
16324,62,2.488,2.488
16325,62,2.493,2.488
16327,62,2.493,2.483
16328,62,2.498,2.493
16329,62,2.498,2.493
16331,62,2.498,2.493
16332,62,2.498,2.493
16334,62,2.502,2.498
16339,62,2.498,2.493
16340,62,2.488,2.488
16342,62,2.493,2.488
16347,62,2.488,2.488
16348,62,2.493,2.493
16349,62,2.493,2.493
16351,62,2.502,2.493
16352,62,2.498,2.493
16354,62,2.502,2.498
16355,62,2.498,2.498
16356,62,2.498,2.493
16362,63,2.493,2.488
16363,63,2.493,2.483
16364,63,2.493,2.488
16366,63,2.493,2.488
16367,63,2.493,2.488
16369,63,2.498,2.493
16370,63,2.498,2.493
16371,63,2.498,2.493
16373,63,2.502,2.498
16374,63,2.498,2.498
16376,63,2.498,2.493
16377,63,2.493,2.493
16379,63,2.493,2.488
16384,64,2.493,2.488
16386,64,2.493,2.488
16390,64,2.498,2.493
16392,64,2.498,2.493
16393,64,2.502,2.498
16395,64,2.498,2.493
16396,64,2.498,2.498
16397,64,2.498,2.493
16399,64,2.493,2.493
16400,64,2.493,2.488
16413,62,2.502,2.498
16417,62,2.493,2.493
16418,62,2.493,2.493
16420,62,2.493,2.488
16421,62,2.493,2.488
16423,62,2.488,2.483
16424,62,2.493,2.488
16430,64,2.498,2.493
16432,64,2.498,2.493
16433,64,2.502,2.498
16434,64,2.498,2.493
16436,64,2.498,2.493
16437,64,2.498,2.493
16439,64,2.498,2.493
16440,64,2.493,2.488
16444,64,2.493,2.488
16446,64,2.493,2.488
16447,64,2.493,2.488
16452,66,2.498,2.498
16454,66,2.498,2.498
16455,66,2.498,2.498
16456,66,2.498,2.498
16458,66,2.493,2.493
16459,66,2.493,2.488
16461,66,2.488,2.488
16462,66,2.493,2.488
16463,66,2.493,2.488
16465,66,2.493,2.488
16466,66,2.493,2.488
16468,66,2.493,2.493
16469,66,2.498,2.493
16475,64,2.502,2.493
16477,64,2.498,2.493
16478,64,2.498,2.493
16479,64,2.498,2.493
16481,64,2.493,2.488
16482,64,2.493,2.488
16484,64,2.488,2.483
16485,64,2.493,2.488
16489,64,2.498,2.493
16491,64,2.502,2.498
16492,64,2.498,2.493
16497,62,2.493,2.493
16499,62,2.493,2.493
16500,62,2.488,2.488
16501,62,2.493,2.488
16503,62,2.488,2.483
16504,62,2.493,2.488
16506,62,2.493,2.488
16507,62,2.493,2.488
16508,62,2.493,2.488
16510,62,2.498,2.498
16511,62,2.498,2.493
16514,62,2.502,2.498
16515,62,2.498,2.498
16520,65,2.493,2.488
16522,65,2.493,2.488
16523,65,2.488,2.483
16524,65,2.493,2.488
16526,65,2.493,2.488
16527,65,2.493,2.488
16529,65,2.493,2.493
16533,65,2.502,2.498
16534,65,2.498,2.498
16536,65,2.498,2.498
16537,65,2.498,2.493
16542,63,2.493,2.488
16544,63,2.493,2.488
16545,63,2.493,2.488
16546,63,2.493,2.488
16548,63,2.493,2.493
16549,63,2.498,2.493
16551,63,2.498,2.493
16552,63,2.498,2.498
16553,63,2.502,2.493
16555,63,2.498,2.493
16557,63,2.498,2.493
16559,63,2.498,2.493
16560,63,2.493,2.488
16565,64,2.493,2.488
16567,64,2.493,2.488
16568,64,2.493,2.488
16569,64,2.498,2.493
16571,64,2.502,2.498
16572,64,2.498,2.498
16576,64,2.502,2.498
16578,64,2.498,2.493
16579,64,2.493,2.493
16581,64,2.493,2.483
16582,64,2.493,2.488
16587,63,2.498,2.493
16589,63,2.498,2.493
16590,63,2.498,2.498
16591,63,2.498,2.493
16593,63,2.502,2.498
16594,63,2.498,2.493
16596,63,2.498,2.493
16597,63,2.498,2.493
16600,63,2.498,2.493
16601,63,2.493,2.488
16614,64,2.502,2.498
16618,64,2.498,2.493
16619,64,2.493,2.493
16621,64,2.493,2.488
16622,64,2.493,2.488
16623,64,2.488,2.483
16625,64,2.488,2.488
16626,64,2.493,2.488
16628,64,2.498,2.488
16635,64,2.502,2.493
16637,64,2.498,2.493
16638,64,2.493,2.493
16640,64,2.493,2.488
16642,64,2.493,2.488
16644,64,2.488,2.483
16645,64,2.488,2.488
16646,64,2.488,2.488
16648,64,2.493,2.488
16649,64,2.493,2.488
16651,64,2.498,2.493
16656,63,2.498,2.493
16657,63,2.498,2.493
16659,63,2.493,2.493
16660,63,2.493,2.488
16661,63,2.493,2.488
16663,63,2.488,2.483
16664,63,2.493,2.488
16666,63,2.493,2.488
16667,63,2.493,2.493
16668,63,2.498,2.493
16670,63,2.498,2.498
16671,63,2.498,2.498
16679,65,2.493,2.493
16680,65,2.493,2.488
16682,65,2.488,2.483
16683,65,2.488,2.488
16686,65,2.493,2.493
16687,65,2.493,2.488
16689,65,2.498,2.493
16690,65,2.498,2.493
16691,65,2.498,2.493
16693,65,2.502,2.498
16694,65,2.498,2.493
16696,65,2.498,2.493
16701,63,2.493,2.488
16702,63,2.493,2.488
16704,63,2.493,2.488
16705,63,2.493,2.488
16706,63,2.488,2.488
16708,63,2.493,2.493
16709,63,2.493,2.493
16711,63,2.498,2.498
16712,63,2.498,2.493
16713,63,2.502,2.498
16715,63,2.498,2.493
16723,66,2.488,2.483
16724,66,2.493,2.488
16726,66,2.493,2.488
16728,66,2.493,2.488
16729,66,2.498,2.493
16731,66,2.498,2.493
16732,66,2.498,2.493
16734,66,2.498,2.498
16735,66,2.502,2.493
16736,66,2.498,2.493
16738,66,2.493,2.493
16739,66,2.493,2.493
16741,66,2.493,2.488
16746,64,2.493,2.488
16747,64,2.493,2.493
16749,64,2.498,2.493
16750,64,2.498,2.493
16751,64,2.498,2.493
16753,64,2.502,2.498
16754,64,2.498,2.498
16756,64,2.498,2.493
16757,64,2.498,2.493
16758,64,2.493,2.493
16763,64,2.493,2.483
16768,65,2.493,2.493
16770,65,2.498,2.493
16772,65,2.498,2.493
16773,65,2.502,2.498
16774,65,2.498,2.493
16776,65,2.498,2.493
16777,65,2.498,2.498
16779,65,2.498,2.493
16780,65,2.493,2.488
16781,65,2.493,2.488
16783,65,2.488,2.488
16784,65,2.493,2.488
16786,65,2.493,2.488
16791,64,2.502,2.498
16792,64,2.498,2.498
16794,64,2.498,2.498
16795,64,2.498,2.493
16796,64,2.498,2.498
16798,64,2.493,2.493
16799,64,2.493,2.493
16801,64,2.493,2.488
16815,64,2.498,2.493
16819,64,2.493,2.493
16823,64,2.488,2.483
16824,64,2.488,2.488
16825,64,2.493,2.488
16827,64,2.493,2.488
16828,64,2.493,2.488
16830,64,2.498,2.493
16831,64,2.498,2.493
16836,64,2.502,2.498
16838,64,2.493,2.493
16839,64,2.493,2.493
16840,64,2.488,2.483
16842,64,2.488,2.488
16843,64,2.493,2.488
16845,64,2.493,2.488
16846,64,2.493,2.488
16848,64,2.493,2.493
16849,64,2.498,2.493
16850,64,2.498,2.498
16852,64,2.498,2.498
16853,64,2.502,2.498
16859,63,2.498,2.493
16861,63,2.493,2.488
16862,63,2.493,2.488
16866,63,2.488,2.488
16868,63,2.498,2.493
16869,63,2.498,2.493
16870,63,2.502,2.498
16872,63,2.498,2.493
16873,63,2.502,2.498
16875,63,2.498,2.498
16876,63,2.498,2.493
16881,65,2.493,2.488
16883,65,2.488,2.483
16884,65,2.493,2.488
16885,65,2.493,2.488
16887,65,2.493,2.488
16888,65,2.498,2.488
16890,65,2.498,2.498
16891,65,2.498,2.493
16893,65,2.502,2.498
16894,65,2.498,2.498
16895,65,2.498,2.498
16898,65,2.498,2.493
16899,65,2.498,2.493
16904,67,2.493,2.488
16906,67,2.493,2.488
16918,67,2.498,2.493
16919,67,2.493,2.493
16921,67,2.493,2.488
16922,67,2.493,2.488
16927,64,2.498,2.493
16929,64,2.493,2.493
16930,64,2.502,2.498
16931,64,2.498,2.493
16933,64,2.498,2.498
16934,64,2.498,2.493
16936,64,2.498,2.493
16937,64,2.493,2.493
16938,64,2.493,2.493
16941,64,2.493,2.488
16942,64,2.493,2.488
16944,64,2.488,2.483
16945,64,2.488,2.488
16950,64,2.502,2.493
16952,64,2.498,2.493
16953,64,2.502,2.498
16954,64,2.498,2.498
16956,64,2.498,2.493
16957,64,2.498,2.493
16961,64,2.493,2.488
16963,64,2.488,2.488
16964,64,2.493,2.488
16966,64,2.493,2.488
16967,64,2.493,2.493
16972,63,2.502,2.498
16974,63,2.498,2.498
16975,63,2.498,2.493
16976,63,2.498,2.493
16978,63,2.493,2.493
16979,63,2.493,2.493
16981,63,2.493,2.488
16982,63,2.488,2.483
16985,63,2.488,2.488
16986,63,2.493,2.488
16987,63,2.493,2.488
16989,63,2.493,2.493
16990,63,2.498,2.493
16995,63,2.498,2.493
16997,63,2.498,2.498
16998,63,2.498,2.493
17000,63,2.493,2.493
17001,63,2.493,2.488
17002,63,2.488,2.483
17006,63,2.493,2.488
17008,63,2.493,2.493
17009,63,2.498,2.493
17011,63,2.498,2.493
17012,63,2.498,2.498
17026,64,2.493,2.488
17030,64,2.498,2.493
17031,64,2.498,2.493
17033,64,2.502,2.498
17034,64,2.498,2.493
17036,64,2.498,2.493
17041,67,2.493,2.488
17042,67,2.493,2.488
17043,67,2.493,2.483
17045,67,2.493,2.488
17046,67,2.493,2.488
17048,67,2.493,2.488
17049,67,2.498,2.493
17051,67,2.498,2.498
17052,67,2.498,2.498
17053,67,2.502,2.493
17055,67,2.498,2.493
17056,67,2.498,2.493
17064,64,2.493,2.488
17065,64,2.493,2.488
17067,64,2.493,2.493
17069,64,2.498,2.493
17071,64,2.498,2.493
17072,64,2.498,2.493
17074,64,2.498,2.498
17075,64,2.498,2.498
17076,64,2.498,2.498
17078,64,2.493,2.493
17079,64,2.493,2.493
17081,64,2.488,2.488
17086,66,2.493,2.488
17087,66,2.493,2.488
17089,66,2.493,2.493
17090,66,2.498,2.498
17091,66,2.498,2.493
17093,66,2.502,2.498
17094,66,2.502,2.493
17096,66,2.498,2.493
17097,66,2.493,2.493
17098,66,2.493,2.493
17100,66,2.493,2.488
17108,64,2.498,2.493
17109,64,2.498,2.498
17112,64,2.498,2.493
17113,64,2.502,2.498
17114,64,2.498,2.498
17116,64,2.498,2.493
17117,64,2.498,2.493
17119,64,2.493,2.493
17120,64,2.493,2.488
17121,64,2.493,2.488
17123,64,2.488,2.483
17124,64,2.493,2.488
17126,64,2.493,2.488
17131,66,2.498,2.493
17132,66,2.498,2.498
17134,66,2.498,2.498
17135,66,2.498,2.498
17136,66,2.498,2.488
17138,66,2.498,2.493
17139,66,2.493,2.493
17141,66,2.493,2.488
17142,66,2.488,2.488
17143,66,2.488,2.488
17145,66,2.493,2.488
17154,66,2.502,2.498
17155,66,2.498,2.498
17157,66,2.498,2.493
17158,66,2.493,2.493
17159,66,2.493,2.488
17161,66,2.493,2.488
17162,66,2.493,2.488
17164,66,2.488,2.488
17165,66,2.493,2.488
17166,66,2.493,2.488
17168,66,2.493,2.493
17169,66,2.498,2.493
17171,66,2.502,2.493
17176,65,2.498,2.498
17177,65,2.493,2.493
17179,65,2.493,2.488
17180,65,2.493,2.488
17181,65,2.493,2.488
17183,65,2.493,2.488
17184,65,2.493,2.488
17186,65,2.493,2.488
17187,65,2.493,2.488
17189,65,2.498,2.493
17193,65,2.502,2.493
17199,66,2.498,2.493
17200,66,2.493,2.488
17202,66,2.493,2.493
17203,66,2.488,2.483
17204,66,2.493,2.488
17206,66,2.493,2.488
17207,66,2.493,2.493
17209,66,2.498,2.493
17210,66,2.498,2.493
17211,66,2.498,2.493
17213,66,2.502,2.498
17226,64,2.493,2.488
17230,64,2.498,2.498
17231,64,2.498,2.493
17233,64,2.502,2.498
17234,64,2.498,2.493
17235,64,2.498,2.493
17237,64,2.493,2.493
17238,64,2.493,2.493
17244,64,2.493,2.488
17246,64,2.493,2.488
17247,64,2.493,2.488
17251,64,2.498,2.493
17253,64,2.502,2.498
17254,64,2.498,2.498
17256,64,2.498,2.498
17257,64,2.498,2.493
17258,64,2.493,2.493
17260,64,2.493,2.483
17261,64,2.493,2.488
17266,64,2.493,2.488
17268,64,2.498,2.493
17269,64,2.498,2.493
17271,64,2.498,2.493
17272,64,2.502,2.498
17273,64,2.498,2.493
17275,64,2.498,2.493
17276,64,2.498,2.498
17278,64,2.498,2.493
17279,64,2.493,2.488
17280,64,2.493,2.488
17283,64,2.488,2.483
17284,64,2.493,2.488
17289,64,2.498,2.493
17291,64,2.498,2.498
17295,64,2.498,2.493
17296,64,2.498,2.498
17298,64,2.493,2.493
17299,64,2.493,2.493
17301,64,2.493,2.488
17302,64,2.488,2.483
17303,64,2.488,2.488
17305,64,2.493,2.488
17306,64,2.493,2.488
17311,66,2.498,2.498
17313,66,2.502,2.498
17314,66,2.498,2.493
17316,66,2.498,2.498
17317,66,2.498,2.493
17318,66,2.493,2.488
17320,66,2.493,2.488
17321,66,2.493,2.488
17323,66,2.488,2.488
17325,66,2.493,2.488
17327,66,2.493,2.488
17328,66,2.498,2.493
17329,66,2.498,2.493
17334,65,2.498,2.498
17336,65,2.498,2.493
17340,65,2.488,2.488
17341,65,2.493,2.488
17343,65,2.488,2.488
17344,65,2.493,2.488
17346,65,2.493,2.488
17347,65,2.498,2.493
17349,65,2.493,2.493
17350,65,2.502,2.498
17351,65,2.498,2.493
17356,63,2.493,2.493
17358,63,2.498,2.493
17359,63,2.493,2.488
17361,63,2.493,2.488
17362,63,2.488,2.483
17364,63,2.488,2.488
17365,63,2.493,2.488
17366,63,2.493,2.493
17369,63,2.498,2.493
17370,63,2.498,2.493
17372,63,2.498,2.493
17373,63,2.502,2.498
17374,63,2.498,2.498
17380,61,2.493,2.488
17384,61,2.493,2.488
17385,61,2.493,2.488
17386,61,2.493,2.488
17388,61,2.493,2.488
17389,61,2.498,2.493
17391,61,2.498,2.498
17392,61,2.502,2.498
17394,61,2.498,2.498
17395,61,2.498,2.498
17396,61,2.493,2.493
17401,64,2.493,2.488
17403,64,2.493,2.488
17404,64,2.493,2.488
17406,64,2.493,2.488
17407,64,2.493,2.493
17410,64,2.498,2.493
17411,64,2.498,2.493
17412,64,2.502,2.498
17414,64,2.498,2.498
17427,65,2.493,2.488
17431,65,2.498,2.498
17432,65,2.502,2.498
17433,65,2.498,2.493
17438,65,2.493,2.493
17439,65,2.493,2.488
17440,65,2.493,2.488
17442,65,2.488,2.483
17447,65,2.498,2.493
17448,65,2.498,2.493
17450,65,2.498,2.498
17451,65,2.498,2.498
17454,65,2.502,2.498
17455,65,2.498,2.493
17456,65,2.498,2.493
17458,65,2.498,2.493
17459,65,2.493,2.488
17461,65,2.488,2.488
17462,65,2.493,2.488
17463,65,2.488,2.488
17465,65,2.493,2.488
17470,63,2.498,2.498
17471,63,2.498,2.493
17473,63,2.502,2.498
17474,63,2.498,2.498
17476,63,2.498,2.493
17477,63,2.493,2.493
17481,63,2.493,2.488
17483,63,2.493,2.483
17484,63,2.493,2.488
17485,63,2.493,2.488
17487,63,2.493,2.493
17492,64,2.502,2.493
17493,64,2.502,2.498
17496,64,2.498,2.498
17497,64,2.498,2.493
17499,64,2.493,2.493
17500,64,2.488,2.488
17501,64,2.493,2.488
17503,64,2.488,2.483
17504,64,2.493,2.488
17506,64,2.493,2.488
17507,64,2.493,2.493
17508,64,2.493,2.493
17510,64,2.498,2.498
17515,65,2.498,2.498
17516,65,2.498,2.493
17518,65,2.493,2.493
17519,65,2.493,2.488
17521,65,2.493,2.488
17522,65,2.488,2.483
17526,65,2.493,2.488
17528,65,2.498,2.493
17529,65,2.498,2.493
17531,65,2.498,2.493
17532,65,2.502,2.498
17538,64,2.498,2.493
17539,64,2.493,2.488
17541,64,2.493,2.488
17542,64,2.488,2.488
17544,64,2.493,2.488
17545,64,2.493,2.488
17547,64,2.493,2.488
17548,64,2.498,2.493
17549,64,2.498,2.493
17551,64,2.498,2.498
17552,64,2.502,2.498
17554,64,2.498,2.493
17555,64,2.498,2.498
17560,66,2.493,2.488
17562,66,2.493,2.488
17563,66,2.488,2.488
17564,66,2.488,2.488
17566,66,2.493,2.488
17570,66,2.502,2.498
17571,66,2.498,2.498
17573,66,2.498,2.493
17574,66,2.498,2.493
17576,66,2.498,2.493
17577,66,2.498,2.493
17583,65,2.488,2.488
17585,65,2.493,2.488
17586,65,2.493,2.488
17587,65,2.493,2.493
17589,65,2.493,2.488
17590,65,2.498,2.498
17592,65,2.498,2.498
17593,65,2.502,2.498
17594,65,2.498,2.493
17596,65,2.498,2.498
17597,65,2.498,2.493
17599,65,2.498,2.493
17600,65,2.493,2.483
17605,63,2.493,2.488
17607,63,2.493,2.493
17608,63,2.493,2.488
17609,63,2.498,2.493
17614,63,2.502,2.493
17615,63,2.498,2.493
17616,63,2.498,2.493
17630,62,2.502,2.498
17634,62,2.502,2.493
17636,62,2.498,2.493
17637,62,2.498,2.493
17638,62,2.498,2.493
17640,62,2.488,2.488
17641,62,2.493,2.488
17643,62,2.488,2.488
17644,62,2.493,2.488
17646,62,2.493,2.488
17651,63,2.498,2.493
17652,63,2.502,2.498
17653,63,2.498,2.498
17655,63,2.498,2.498
17656,63,2.498,2.493
17658,63,2.493,2.493
17659,63,2.493,2.483
17661,63,2.493,2.488
17662,63,2.488,2.483
17663,63,2.488,2.488
17666,63,2.493,2.488
17682,64,2.493,2.488
17683,64,2.493,2.488
17684,64,2.493,2.488
17686,64,2.493,2.488
17687,64,2.498,2.493
17689,64,2.498,2.493
17690,64,2.498,2.498
17691,64,2.502,2.498
17697,64,2.498,2.493
17698,64,2.498,2.493
17699,64,2.493,2.488
17701,64,2.493,2.488
17702,64,2.493,2.483
17704,64,2.493,2.488
17705,64,2.493,2.488
17706,64,2.493,2.488
17709,64,2.498,2.493
17710,64,2.498,2.498
17712,64,2.498,2.493
17713,64,2.502,2.498
17715,64,2.498,2.498
17720,63,2.493,2.488
17721,63,2.493,2.488
17725,63,2.488,2.488
17727,63,2.498,2.488
17728,63,2.498,2.493
17730,63,2.498,2.498
17731,63,2.498,2.493
17732,63,2.498,2.498
17734,63,2.498,2.498
17735,63,2.498,2.498
17737,63,2.498,2.493
17742,65,2.488,2.488
17743,65,2.493,2.488
17745,65,2.493,2.488
17746,65,2.493,2.488
17747,65,2.493,2.493
17749,65,2.498,2.493
17750,65,2.498,2.493
17753,65,2.502,2.498
17754,65,2.502,2.498
17755,65,2.498,2.493
17757,65,2.498,2.493
17758,65,2.493,2.493
17760,65,2.493,2.483
17765,66,2.493,2.488
17769,66,2.498,2.493
17770,66,2.498,2.493
17772,66,2.498,2.498
17773,66,2.498,2.498
17775,66,2.498,2.493
17776,66,2.498,2.498
17777,66,2.498,2.493
17779,66,2.493,2.488
17780,66,2.493,2.488
17782,66,2.488,2.483
17787,66,2.493,2.493
17788,66,2.498,2.493
17790,66,2.498,2.498
17791,66,2.498,2.498
17792,66,2.498,2.493
17795,66,2.498,2.493
17796,66,2.498,2.493
17798,66,2.498,2.493
17799,66,2.493,2.493
17801,66,2.488,2.488
17802,66,2.493,2.483
17803,66,2.488,2.488
17805,66,2.493,2.488
17813,65,2.502,2.493
17814,65,2.498,2.498
17815,65,2.498,2.498
17817,65,2.493,2.493
17818,65,2.493,2.488
17820,65,2.488,2.488
17821,65,2.493,2.488
17822,65,2.493,2.488
17824,65,2.488,2.488
17825,65,2.493,2.488
17839,64,2.493,2.488
17843,64,2.493,2.488
17844,64,2.493,2.488
17846,64,2.493,2.488
17847,64,2.493,2.488
17849,64,2.498,2.493
17850,64,2.498,2.498
17855,64,2.498,2.498
17857,64,2.498,2.493
17858,64,2.498,2.493
17860,64,2.488,2.488
17861,64,2.493,2.488
17862,64,2.488,2.488
17864,64,2.493,2.488
17868,64,2.493,2.493
17869,64,2.498,2.498
17871,64,2.498,2.493
17872,64,2.502,2.498
17877,63,2.498,2.493
17880,63,2.488,2.488
17881,63,2.493,2.488
17882,63,2.488,2.483
17884,63,2.488,2.488
17885,63,2.493,2.488
17887,63,2.493,2.488
17888,63,2.498,2.493
17889,63,2.498,2.493
17891,63,2.498,2.493
17892,63,2.502,2.498
17894,63,2.502,2.498
17895,63,2.498,2.493
17900,64,2.493,2.488
17902,64,2.488,2.483
17903,64,2.493,2.488
17904,64,2.493,2.488
17906,64,2.493,2.488
17907,64,2.493,2.493
17912,64,2.498,2.498
17913,64,2.498,2.498
17914,64,2.498,2.493
17916,64,2.498,2.493
17917,64,2.498,2.493
17923,61,2.493,2.483
17925,61,2.493,2.488
17926,61,2.493,2.488
17928,61,2.498,2.493
17929,61,2.493,2.493
17930,61,2.498,2.498
17932,61,2.502,2.498
17933,61,2.498,2.498
17935,61,2.498,2.493
17936,61,2.498,2.493
17937,61,2.493,2.493
17939,61,2.493,2.493
17940,61,2.493,2.488
17945,64,2.493,2.493
17947,64,2.493,2.493
17948,64,2.493,2.493
17950,64,2.498,2.493
17951,64,2.498,2.498
17955,64,2.498,2.498
17957,64,2.493,2.493
17958,64,2.493,2.493
17959,64,2.493,2.488
17961,64,2.493,2.488
17962,64,2.493,2.488
17968,65,2.498,2.493
17970,65,2.498,2.498
17971,65,2.498,2.498
17973,65,2.498,2.498
17974,65,2.498,2.493
17975,65,2.502,2.493
17977,65,2.493,2.493
17978,65,2.498,2.493
17980,65,2.488,2.488
17981,65,2.493,2.488
17982,65,2.488,2.483
17984,65,2.493,2.488
17985,65,2.493,2.483
17990,65,2.498,2.493
17992,65,2.502,2.498
17993,65,2.498,2.498
17995,65,2.498,2.493
17999,65,2.493,2.488
18000,65,2.493,2.488
18002,65,2.488,2.483
18003,65,2.493,2.483
18004,65,2.493,2.488
18006,65,2.493,2.493
18008,65,2.493,2.493
18013,63,2.502,2.493
18015,63,2.498,2.493
18016,63,2.498,2.493
18018,63,2.493,2.493
18019,63,2.493,2.488
18020,63,2.493,2.488
18022,63,2.493,2.483
18023,63,2.493,2.488
18025,63,2.493,2.488
18026,63,2.493,2.488
18039,63,2.493,2.483
18043,63,2.493,2.488
18044,63,2.493,2.488
18046,63,2.493,2.493
18047,63,2.493,2.493
18050,63,2.498,2.498
18051,63,2.498,2.498
18059,61,2.498,2.488
18060,61,2.488,2.488
18062,61,2.488,2.483
18063,61,2.493,2.488
18065,61,2.493,2.488
18066,61,2.493,2.488
18067,61,2.498,2.493
18069,61,2.498,2.493
18070,61,2.498,2.498
18072,61,2.498,2.498
18073,61,2.502,2.493
18074,61,2.498,2.498
18076,61,2.498,2.493
18081,64,2.493,2.488
18082,64,2.493,2.483
18084,64,2.493,2.488
18085,64,2.493,2.488
18087,64,2.493,2.488
18088,64,2.498,2.493
18089,64,2.498,2.493
18091,64,2.498,2.498
18093,64,2.502,2.493
18095,64,2.498,2.493
18099,64,2.493,2.488
18104,65,2.493,2.488
18105,65,2.493,2.488
18107,65,2.498,2.493
18108,65,2.498,2.493
18110,65,2.498,2.498
18111,65,2.498,2.493
18112,65,2.502,2.498
18114,65,2.498,2.493
18115,65,2.498,2.498
18117,65,2.498,2.493
18118,65,2.493,2.488
18119,65,2.488,2.488
18121,65,2.488,2.483
18126,62,2.498,2.493
18127,62,2.493,2.493
18129,62,2.502,2.498
18130,62,2.498,2.498
18132,62,2.502,2.498
18133,62,2.498,2.493
18136,62,2.498,2.498
18137,62,2.498,2.493
18138,62,2.498,2.493
18142,62,2.488,2.483
18144,62,2.493,2.488
18149,62,2.498,2.498
18150,62,2.498,2.493
18152,62,2.498,2.498
18153,62,2.498,2.498
18155,62,2.498,2.493
18156,62,2.493,2.488
18158,62,2.498,2.493
18159,62,2.493,2.488
18160,62,2.493,2.488
18162,62,2.488,2.483
18163,62,2.493,2.488
18165,62,2.493,2.488
18166,62,2.493,2.488
18171,63,2.502,2.498
18172,63,2.498,2.498
18174,63,2.498,2.498
18175,63,2.498,2.498
18178,63,2.498,2.493
18179,63,2.493,2.493
18181,63,2.493,2.488
18182,63,2.488,2.488
18183,63,2.493,2.488
18188,63,2.493,2.493
18189,63,2.498,2.498
18194,63,2.498,2.498
18195,63,2.498,2.493
18197,63,2.493,2.493
18198,63,2.493,2.488
18200,63,2.488,2.488
18201,63,2.493,2.488
18203,63,2.488,2.488
18204,63,2.493,2.488
18205,63,2.493,2.488
18207,63,2.493,2.488
18208,63,2.498,2.493
18210,63,2.498,2.498
18211,63,2.502,2.498
18216,62,2.498,2.493
18218,62,2.493,2.493
18219,62,2.493,2.488
18221,62,2.493,2.488
18223,62,2.488,2.483
18224,62,2.493,2.488
18226,62,2.488,2.488
18227,62,2.493,2.493
18243,63,2.493,2.488
18247,63,2.493,2.488
18248,63,2.493,2.493
18249,63,2.498,2.498
18251,63,2.498,2.498
18252,63,2.502,2.498
18254,63,2.498,2.493
18255,63,2.498,2.493
18256,63,2.498,2.493
18262,66,2.488,2.483
18264,66,2.493,2.488
18265,66,2.493,2.488
18267,66,2.498,2.493
18268,66,2.498,2.493
18270,66,2.498,2.498
18271,66,2.498,2.493
18272,66,2.502,2.498
18274,66,2.498,2.498
18275,66,2.498,2.493
18277,66,2.493,2.493
18278,66,2.493,2.493
18280,66,2.493,2.483
18285,63,2.493,2.488
18289,63,2.498,2.493
18290,63,2.498,2.493
18292,63,2.502,2.498
18293,63,2.498,2.498
18294,63,2.498,2.498
18296,63,2.493,2.493
18297,63,2.498,2.493
18299,63,2.493,2.488
18300,63,2.493,2.488
18301,63,2.488,2.483
18308,64,2.498,2.493
18309,64,2.498,2.493
18310,64,2.498,2.498
18312,64,2.502,2.498
18313,64,2.498,2.493
18315,64,2.498,2.493
18316,64,2.498,2.498
18318,64,2.493,2.493
18319,64,2.493,2.488
18320,64,2.493,2.488
18322,64,2.488,2.483
18323,64,2.493,2.488
18325,64,2.493,2.488
18332,64,2.502,2.498
18334,64,2.498,2.493
18335,64,2.498,2.493
18337,64,2.493,2.493
18338,64,2.493,2.488
18340,64,2.493,2.488
18341,64,2.488,2.483
18342,64,2.488,2.488
18344,64,2.493,2.488
18345,64,2.493,2.488
18347,64,2.498,2.488
18353,61,2.498,2.498
18354,61,2.498,2.498
18356,61,2.498,2.493
18357,61,2.493,2.488
18358,61,2.493,2.488
18360,61,2.493,2.483
18361,61,2.488,2.483
18363,61,2.488,2.483
18364,61,2.493,2.488
18365,61,2.493,2.488
18367,61,2.493,2.493
18368,61,2.498,2.493
18370,61,2.498,2.498
18378,63,2.498,2.493
18379,63,2.493,2.488
18380,63,2.493,2.488
18382,63,2.493,2.483
18383,63,2.493,2.483
18385,63,2.493,2.488
18386,63,2.493,2.493
18387,63,2.498,2.493
18389,63,2.502,2.498
18390,63,2.498,2.498
18393,63,2.502,2.498
18398,65,2.498,2.493
18399,65,2.493,2.488
18401,65,2.493,2.488
18402,65,2.488,2.483
18403,65,2.493,2.488
18405,65,2.493,2.488
18406,65,2.493,2.493
18408,65,2.493,2.493
18409,65,2.498,2.493
18410,65,2.498,2.493
18412,65,2.502,2.498
18413,65,2.498,2.493
18429,64,2.502,2.498
18430,64,2.502,2.498
18432,64,2.502,2.498
18434,64,2.498,2.493
18436,64,2.498,2.493
18437,64,2.493,2.493
18439,64,2.493,2.488
18452,64,2.502,2.498
18455,64,2.498,2.493
18457,64,2.493,2.493
18458,64,2.493,2.488
18460,64,2.493,2.488
18465,65,2.493,2.488
18466,65,2.493,2.488
18468,65,2.498,2.493
18469,65,2.498,2.498
18470,65,2.498,2.498
18472,65,2.502,2.498
18473,65,2.498,2.498
18475,65,2.498,2.493
18477,65,2.493,2.493
18478,65,2.493,2.488
18480,65,2.493,2.483
18484,65,2.493,2.488
18489,64,2.502,2.498
18491,64,2.498,2.493
18492,64,2.502,2.498
18493,64,2.498,2.493
18495,64,2.498,2.498
18496,64,2.493,2.493
18498,64,2.498,2.488
18499,64,2.493,2.488
18500,64,2.493,2.493
18502,64,2.488,2.478
18503,64,2.493,2.488
18505,64,2.493,2.488
18506,64,2.493,2.493
18511,65,2.502,2.498
18513,65,2.498,2.498
18514,65,2.498,2.493
18515,65,2.498,2.493
18517,65,2.493,2.488
18518,65,2.493,2.488
18521,65,2.493,2.488
18522,65,2.488,2.483
18523,65,2.493,2.488
18528,65,2.498,2.493
18529,65,2.498,2.493
18534,65,2.498,2.498
18536,65,2.498,2.493
18537,65,2.493,2.493
18538,65,2.493,2.488
18540,65,2.493,2.488
18541,65,2.488,2.483
18543,65,2.488,2.488
18544,65,2.488,2.488
18545,65,2.493,2.488
18547,65,2.493,2.493
18548,65,2.498,2.493
18550,65,2.498,2.493
18551,65,2.502,2.498
18556,63,2.498,2.493
18558,63,2.493,2.493
18559,63,2.493,2.488
18560,63,2.493,2.488
18563,63,2.493,2.488
18564,63,2.493,2.488
18566,63,2.488,2.488
18567,63,2.493,2.493
18568,63,2.498,2.493
18573,63,2.502,2.498
18574,63,2.498,2.493
18579,62,2.493,2.488
18581,62,2.488,2.488
18582,62,2.488,2.483
18583,62,2.493,2.488
18585,62,2.493,2.488
18586,62,2.493,2.488
18588,62,2.498,2.493
18589,62,2.498,2.498
18590,62,2.498,2.498
18592,62,2.498,2.498
18593,62,2.502,2.493
18595,62,2.498,2.498
18596,62,2.493,2.493
18601,63,2.488,2.483
18603,63,2.493,2.488
18605,63,2.493,2.488
18607,63,2.493,2.493
18608,63,2.493,2.493
18609,63,2.498,2.498
18611,63,2.498,2.493
18612,63,2.502,2.498
18616,63,2.498,2.493
18618,63,2.498,2.493
18619,63,2.488,2.488
18624,63,2.493,2.488
18626,63,2.493,2.488
18627,63,2.498,2.493
18628,63,2.498,2.493
18630,63,2.498,2.493
18631,63,2.502,2.498
18633,63,2.498,2.493
18634,63,2.498,2.493
18635,63,2.493,2.493
18637,63,2.493,2.493
18638,63,2.488,2.488
18652,64,2.502,2.498
18656,64,2.498,2.493
18658,64,2.493,2.493
18659,64,2.493,2.483
18660,64,2.493,2.488
18662,64,2.488,2.483
18663,64,2.493,2.488
18665,64,2.493,2.488
18670,65,2.498,2.493
18674,65,2.498,2.493
18675,65,2.493,2.493
18677,65,2.493,2.493
18678,65,2.493,2.488
18680,65,2.493,2.488
18681,65,2.488,2.483
18682,65,2.493,2.488
18684,65,2.493,2.488
18685,65,2.493,2.488
18687,65,2.493,2.493
18693,65,2.498,2.498
18694,65,2.498,2.493
18696,65,2.502,2.493
18697,65,2.493,2.493
18698,65,2.493,2.488
18700,65,2.493,2.483
18701,65,2.493,2.483
18703,65,2.493,2.488
18704,65,2.493,2.488
18705,65,2.493,2.488
18707,65,2.493,2.493
18708,65,2.498,2.493
18710,65,2.498,2.493
18715,65,2.498,2.493
18719,65,2.488,2.483
18720,65,2.493,2.488
18722,65,2.488,2.488
18723,65,2.493,2.488
18725,65,2.493,2.488
18726,65,2.498,2.493
18727,65,2.498,2.493
18729,65,2.498,2.493
18730,65,2.502,2.498
18733,65,2.502,2.498
18738,64,2.498,2.493
18739,64,2.488,2.488
18741,64,2.493,2.488
18742,64,2.488,2.483
18743,64,2.488,2.488
18745,64,2.493,2.488
18746,64,2.493,2.493
18748,64,2.493,2.493
18749,64,2.498,2.498
18751,64,2.498,2.493
18752,64,2.502,2.498
18753,64,2.498,2.498
18755,64,2.498,2.498
18763,64,2.493,2.488
18764,64,2.493,2.488
18765,64,2.493,2.488
18767,64,2.493,2.493
18768,64,2.498,2.498
18770,64,2.498,2.493
18771,64,2.502,2.493
18773,64,2.502,2.498
18774,64,2.498,2.493
18776,64,2.498,2.493
18778,64,2.493,2.493
18783,64,2.493,2.488
18784,64,2.493,2.488
18786,64,2.493,2.488
18787,64,2.493,2.493
18789,64,2.498,2.493
18790,64,2.498,2.493
18791,64,2.502,2.498
18793,64,2.498,2.498
18794,64,2.498,2.493
18796,64,2.493,2.493
18797,64,2.493,2.493
18798,64,2.493,2.488
18806,65,2.498,2.488
18808,65,2.498,2.493
18809,65,2.498,2.493
18811,65,2.502,2.498
18812,65,2.498,2.493
18813,65,2.498,2.498
18815,65,2.498,2.493
18816,65,2.493,2.493
18819,65,2.493,2.488
18820,65,2.488,2.488
18821,65,2.488,2.483
18823,65,2.493,2.488
18828,65,2.498,2.493
18829,65,2.498,2.498
18831,65,2.498,2.498
18832,65,2.498,2.498
18834,65,2.498,2.493
18835,65,2.498,2.493
18836,65,2.493,2.493
18838,65,2.498,2.488
18839,65,2.493,2.488
18852,64,2.498,2.493
18856,64,2.493,2.493
18861,64,2.488,2.483
18863,64,2.493,2.488
18864,64,2.493,2.488
18866,64,2.493,2.488
18867,64,2.498,2.493
18868,64,2.498,2.493
18874,64,2.498,2.493
18875,64,2.498,2.493
18876,64,2.493,2.493
18878,64,2.493,2.493
18879,64,2.493,2.488
18881,64,2.488,2.488
18882,64,2.488,2.488
18883,64,2.493,2.488
18885,64,2.493,2.488
18886,64,2.493,2.493
18888,64,2.498,2.493
18889,64,2.498,2.493
18890,64,2.498,2.493
18896,64,2.498,2.493
18897,64,2.493,2.493
18898,64,2.493,2.483
18900,64,2.493,2.488
18901,64,2.488,2.483
18906,64,2.493,2.488
18908,64,2.493,2.493
18909,64,2.498,2.493
18911,64,2.498,2.493
18912,64,2.502,2.498
18913,64,2.498,2.493
18919,64,2.493,2.488
18920,64,2.493,2.493
18921,64,2.488,2.483
18923,64,2.493,2.488
18924,64,2.493,2.483
18926,64,2.493,2.488
18927,64,2.493,2.493
18928,64,2.502,2.498
18930,64,2.498,2.493
18931,64,2.502,2.498
18933,64,2.502,2.498
18934,64,2.498,2.493
18936,64,2.498,2.493
18941,63,2.488,2.488
18942,63,2.488,2.488
18943,63,2.493,2.488
18946,63,2.493,2.488
18950,63,2.498,2.493
18951,63,2.498,2.498
18953,63,2.498,2.498
18954,63,2.498,2.493
18956,63,2.493,2.493
18957,63,2.498,2.493
18959,63,2.493,2.488
18964,64,2.493,2.488
18965,64,2.493,2.488
18966,64,2.493,2.488
18968,64,2.498,2.493
18969,64,2.498,2.493
18971,64,2.502,2.498
18972,64,2.498,2.493
18974,64,2.498,2.498
18975,64,2.498,2.493
18976,64,2.493,2.493
18978,64,2.493,2.488
18979,64,2.493,2.488
18981,64,2.488,2.483
18986,63,2.498,2.493
18987,63,2.498,2.493
18990,63,2.502,2.498
18994,63,2.498,2.498
18995,63,2.498,2.493
18997,63,2.498,2.493
18998,63,2.493,2.488
18999,63,2.488,2.488
19001,63,2.488,2.488
19002,63,2.488,2.488
19004,63,2.493,2.488
19009,63,2.498,2.498
19010,63,2.498,2.493
19012,63,2.502,2.498
19013,63,2.498,2.498
19014,63,2.498,2.498
19016,63,2.498,2.493
19017,63,2.498,2.493
19019,63,2.493,2.488
19020,63,2.493,2.488
19021,63,2.488,2.483
19023,63,2.493,2.488
19024,63,2.488,2.488
19026,63,2.498,2.493
19032,62,2.502,2.498
19033,62,2.498,2.498
19037,62,2.493,2.493
19039,62,2.493,2.488
19040,62,2.493,2.488
19042,62,2.488,2.483
19043,62,2.493,2.488
19056,65,2.498,2.493
19060,65,2.493,2.488
19061,65,2.488,2.483
19063,65,2.488,2.488
19064,65,2.493,2.488
19066,65,2.493,2.493
19067,65,2.498,2.493
19068,65,2.498,2.498
19070,65,2.498,2.493
19071,65,2.502,2.498
19077,64,2.498,2.493
19079,64,2.493,2.488
19080,64,2.493,2.488
19082,64,2.488,2.488
19083,64,2.493,2.488
19084,64,2.493,2.488
19086,64,2.493,2.493
19087,64,2.498,2.493
19089,64,2.498,2.498
19093,64,2.498,2.498
19094,64,2.498,2.493
19099,65,2.493,2.488
19101,65,2.488,2.483
19102,65,2.493,2.488
19104,65,2.493,2.488
19105,65,2.493,2.493
19106,65,2.498,2.493
19108,65,2.498,2.498
19109,65,2.498,2.493
19111,65,2.502,2.498
19112,65,2.498,2.498
19113,65,2.498,2.498
19115,65,2.498,2.493
19117,65,2.498,2.493
19122,63,2.493,2.488
19124,63,2.493,2.488
19125,63,2.493,2.488
19127,63,2.493,2.493
19128,63,2.498,2.493
19129,63,2.498,2.493
19131,63,2.502,2.498
19132,63,2.498,2.498
19137,63,2.498,2.493
19138,63,2.493,2.488
19139,63,2.493,2.488
19144,65,2.493,2.488
19146,65,2.493,2.493
19147,65,2.498,2.493
19149,65,2.502,2.498
19150,65,2.498,2.498
19152,65,2.502,2.498
19153,65,2.498,2.493
19154,65,2.498,2.493
19156,65,2.493,2.493
19157,65,2.493,2.493
19160,65,2.488,2.488
19161,65,2.488,2.488
19162,65,2.488,2.483
19168,64,2.498,2.493
19169,64,2.498,2.498
19170,64,2.498,2.498
19172,64,2.502,2.498
19173,64,2.498,2.498
19175,64,2.498,2.498
19176,64,2.498,2.493
19192,64,2.498,2.498
19193,64,2.498,2.493
19195,64,2.498,2.498
19196,64,2.498,2.493
19198,64,2.493,2.488
19199,64,2.493,2.488
19200,64,2.488,2.483
19203,64,2.493,2.488
19204,64,2.493,2.488
19206,64,2.493,2.488
19207,64,2.493,2.493
19212,65,2.502,2.498
19214,65,2.498,2.493
19215,65,2.498,2.493
19216,65,2.493,2.493
19218,65,2.493,2.488
19219,65,2.493,2.488
19221,65,2.493,2.483
19222,65,2.488,2.488
19223,65,2.493,2.488
19225,65,2.493,2.488
19226,65,2.498,2.493
19228,65,2.498,2.493
19229,65,2.498,2.493
19237,64,2.498,2.493
19238,64,2.488,2.488
19240,64,2.493,2.488
19241,64,2.493,2.488
19243,64,2.493,2.488
19245,64,2.493,2.488
19246,64,2.498,2.488
19248,64,2.498,2.493
19249,64,2.502,2.498
19251,64,2.498,2.498
19252,64,2.502,2.498
19265,64,2.493,2.488
19269,64,2.498,2.498
19270,64,2.502,2.498
19272,64,2.498,2.493
19273,64,2.498,2.493
19275,64,2.498,2.493
19280,64,2.493,2.488
19281,64,2.488,2.483
19283,64,2.493,2.488
19284,64,2.493,2.488
19285,64,2.498,2.493
19288,64,2.493,2.493
19292,64,2.502,2.498
19293,64,2.498,2.493
19295,64,2.498,2.498
19296,64,2.498,2.493
19298,64,2.493,2.488
19303,62,2.493,2.488
19304,62,2.493,2.488
19306,62,2.493,2.493
19307,62,2.493,2.493
19308,62,2.498,2.493
19310,62,2.498,2.493
19311,62,2.502,2.498
19313,62,2.498,2.498
19314,62,2.498,2.493
19315,62,2.498,2.493
19317,62,2.498,2.493
19318,62,2.493,2.488
19320,62,2.493,2.488
19325,62,2.493,2.488
19326,62,2.493,2.488
19328,62,2.498,2.493
19330,62,2.498,2.493
19331,62,2.502,2.498
19336,62,2.498,2.493
19337,62,2.498,2.493
19338,62,2.488,2.488
19340,62,2.493,2.488
19341,62,2.488,2.483
19343,62,2.493,2.488
19348,66,2.498,2.493
19349,66,2.498,2.493
19351,66,2.502,2.498
19352,66,2.498,2.493
19353,66,2.498,2.498
19355,66,2.498,2.493
19356,66,2.493,2.493
19358,66,2.493,2.488
19359,66,2.493,2.488
19361,66,2.488,2.483
19362,66,2.493,2.488
19363,66,2.493,2.488
19365,66,2.493,2.488
19370,65,2.502,2.498
19371,65,2.502,2.498
19374,65,2.498,2.493
19375,65,2.498,2.493
19379,65,2.488,2.488
19381,65,2.493,2.488
19382,65,2.493,2.488
19384,65,2.493,2.488
19385,65,2.493,2.493
19386,65,2.493,2.493
19388,65,2.498,2.493
19393,66,2.502,2.498
19394,66,2.498,2.498
19396,66,2.493,2.493
19397,66,2.493,2.488
19399,66,2.493,2.488
19400,66,2.493,2.488
19401,66,2.488,2.488
19403,66,2.493,2.488
19404,66,2.493,2.488
19406,66,2.498,2.488
19407,66,2.498,2.493
19408,66,2.502,2.498
19410,66,2.502,2.498
19416,63,2.498,2.493
19417,63,2.498,2.493
19419,63,2.493,2.488
19420,63,2.493,2.488
19424,63,2.493,2.488
19426,63,2.493,2.493
19427,63,2.498,2.493
19429,63,2.498,2.498
19430,63,2.498,2.493
19431,63,2.502,2.498
19433,63,2.498,2.498
19438,64,2.493,2.488
19439,64,2.493,2.493
19441,64,2.488,2.483
19442,64,2.493,2.488
19444,64,2.493,2.488
19445,64,2.493,2.493
19446,64,2.493,2.493
19448,64,2.498,2.498
19449,64,2.498,2.493
19451,64,2.502,2.498
19452,64,2.498,2.498
19466,65,2.498,2.493
19470,65,2.498,2.498
19471,65,2.502,2.493
19473,65,2.498,2.498
19474,65,2.502,2.493
19478,65,2.493,2.488
19483,64,2.493,2.488
19485,64,2.493,2.493
19486,64,2.498,2.493
19488,64,2.498,2.493
19489,64,2.498,2.493
19490,64,2.498,2.498
19492,64,2.498,2.498
19493,64,2.498,2.498
19495,64,2.498,2.493
19496,64,2.498,2.493
19498,64,2.493,2.488
19499,64,2.493,2.488
19501,64,2.488,2.483
19506,62,2.498,2.493
19508,62,2.498,2.493
19509,62,2.498,2.493
19511,62,2.498,2.498
19512,62,2.502,2.493
19514,62,2.498,2.498
19515,62,2.498,2.493
19516,62,2.498,2.493
19518,62,2.493,2.488
19522,62,2.493,2.488
19523,62,2.493,2.488
19528,66,2.502,2.498
19530,66,2.498,2.498
19531,66,2.502,2.498
19533,66,2.498,2.498
19534,66,2.498,2.498
19536,66,2.493,2.493
19537,66,2.493,2.488
19538,66,2.493,2.483
19540,66,2.493,2.488
19541,66,2.493,2.483
19544,66,2.493,2.488
19545,66,2.493,2.488
19546,66,2.498,2.493
19552,64,2.502,2.498
19553,64,2.498,2.498
19554,64,2.498,2.493
19556,64,2.498,2.493
19557,64,2.493,2.488
19559,64,2.493,2.488
19560,64,2.493,2.488
19561,64,2.488,2.483
19566,64,2.498,2.493
19567,64,2.498,2.493
19568,64,2.498,2.498
19573,64,2.502,2.493
19575,64,2.498,2.493
19576,64,2.493,2.493
19578,64,2.493,2.488
19579,64,2.493,2.488
19581,64,2.488,2.483
19582,64,2.493,2.488
19583,64,2.493,2.488
19586,64,2.493,2.493
19587,64,2.493,2.493
19589,64,2.498,2.498
19590,64,2.498,2.493
19591,64,2.502,2.498
19597,64,2.498,2.493
19598,64,2.493,2.488
19599,64,2.493,2.488
19601,64,2.488,2.483
19602,64,2.493,2.488
19604,64,2.493,2.488
19605,64,2.493,2.488
19606,64,2.498,2.493
19611,64,2.502,2.498
19612,64,2.498,2.498
19613,64,2.498,2.493
19618,66,2.493,2.488
19620,66,2.493,2.488
19621,66,2.488,2.483
19623,66,2.493,2.488
19624,66,2.493,2.488
19626,66,2.493,2.488
19627,66,2.498,2.493
19629,66,2.498,2.498
19631,66,2.502,2.498
19632,66,2.498,2.498
19634,66,2.498,2.493
19635,66,2.498,2.493
19636,66,2.493,2.493
19642,63,2.488,2.483
19643,63,2.493,2.488
19644,63,2.488,2.488
19646,63,2.493,2.493
19647,63,2.498,2.493
19649,63,2.502,2.498
19650,63,2.498,2.498
19654,63,2.498,2.498
19656,63,2.493,2.493
19669,64,2.498,2.493
19673,64,2.498,2.493
19675,64,2.498,2.493
19676,64,2.498,2.493
19678,64,2.493,2.488
19679,64,2.493,2.488
19680,64,2.488,2.483
19682,64,2.493,2.488
19687,65,2.498,2.493
19688,65,2.502,2.498
19690,65,2.498,2.493
19691,65,2.502,2.498
19693,65,2.498,2.493
19694,65,2.498,2.498
19695,65,2.493,2.493
19697,65,2.493,2.488
19698,65,2.493,2.488
19700,65,2.493,2.488
19701,65,2.488,2.483
19703,65,2.493,2.488
19704,65,2.493,2.488
19712,64,2.498,2.498
19714,64,2.498,2.498
19716,64,2.493,2.493
19717,64,2.493,2.493
19718,64,2.493,2.488
19720,64,2.493,2.488
19721,64,2.488,2.483
19723,64,2.493,2.488
19724,64,2.493,2.488
19725,64,2.498,2.488
19727,64,2.493,2.493
19732,65,2.498,2.498
19733,65,2.498,2.493
19735,65,2.498,2.493
19736,65,2.493,2.493
19738,65,2.493,2.488
19739,65,2.493,2.493
19741,65,2.488,2.483
19742,65,2.493,2.488
19743,65,2.493,2.488
19745,65,2.493,2.493
19746,65,2.498,2.493
19748,65,2.498,2.498
19749,65,2.498,2.493
19758,66,2.493,2.493
19759,66,2.493,2.488
19761,66,2.488,2.483
19762,66,2.488,2.488
19764,66,2.493,2.488
19765,66,2.493,2.488
19766,66,2.493,2.488
19768,66,2.498,2.493
19769,66,2.498,2.498
19771,66,2.498,2.498
19772,66,2.498,2.498
19777,65,2.498,2.493
19779,65,2.488,2.483
19780,65,2.493,2.488
19781,65,2.493,2.483
19783,65,2.493,2.488
19784,65,2.493,2.488
19786,65,2.493,2.493
19787,65,2.498,2.493
19788,65,2.498,2.498
19790,65,2.502,2.498
19791,65,2.502,2.498
19793,65,2.498,2.493
19802,63,2.488,2.483
19803,63,2.488,2.488
19804,63,2.493,2.488
19806,63,2.493,2.493
19807,63,2.493,2.493
19809,63,2.502,2.498
19810,63,2.498,2.493
19811,63,2.502,2.493
19813,63,2.498,2.493
19814,63,2.498,2.493
19816,63,2.498,2.493
19817,63,2.498,2.493
19822,65,2.493,2.488
19824,65,2.493,2.488
19825,65,2.493,2.493
19826,65,2.493,2.493
19828,65,2.498,2.493
19829,65,2.498,2.493
19831,65,2.498,2.498
19832,65,2.498,2.498
19833,65,2.498,2.493
19835,65,2.493,2.488
19836,65,2.498,2.493
19840,65,2.488,2.483
19847,63,2.493,2.493
19848,63,2.498,2.498
19849,63,2.498,2.493
19851,63,2.502,2.498
19852,63,2.498,2.493
19854,63,2.498,2.493
19855,63,2.498,2.498
19856,63,2.493,2.493
19869,61,2.498,2.498
19873,61,2.498,2.493
19875,61,2.498,2.493
19876,61,2.493,2.493
19878,61,2.493,2.488
19879,61,2.493,2.488
19880,61,2.488,2.483
19882,61,2.488,2.488
19883,61,2.493,2.488
19886,61,2.493,2.493
19891,64,2.502,2.498
19892,64,2.502,2.498
19894,64,2.498,2.493
19895,64,2.498,2.493
19899,64,2.493,2.488
19900,64,2.488,2.488
19902,64,2.493,2.488
19903,64,2.493,2.488
19905,64,2.493,2.488
19906,64,2.493,2.493
19908,64,2.498,2.498
19913,65,2.498,2.493
19914,65,2.498,2.493
19916,65,2.493,2.493
19917,65,2.493,2.488
19918,65,2.493,2.488
19920,65,2.488,2.483
19921,65,2.493,2.483
19923,65,2.493,2.488
19924,65,2.493,2.488
19925,65,2.493,2.493
19928,65,2.498,2.493
19929,65,2.498,2.498
19931,65,2.502,2.498
19936,63,2.498,2.493
19937,63,2.498,2.493
19939,63,2.488,2.488
19940,63,2.493,2.488
19952,63,2.498,2.498
19954,63,2.498,2.493
19959,64,2.493,2.493
19960,64,2.488,2.488
19961,64,2.488,2.488
19963,64,2.493,2.488
19964,64,2.498,2.488
19966,64,2.493,2.493
19967,64,2.498,2.498
19970,64,2.498,2.493
19971,64,2.502,2.498
19972,64,2.498,2.498
19974,64,2.498,2.498
19975,64,2.498,2.493
19977,64,2.493,2.493
19982,64,2.488,2.488
19983,64,2.493,2.488
19985,64,2.493,2.488
19986,64,2.498,2.493
19987,64,2.498,2.493
19989,64,2.498,2.493
19990,64,2.502,2.498
19992,64,2.498,2.498
19996,64,2.498,2.493
19997,64,2.493,2.488
19999,64,2.493,2.493
20004,63,2.493,2.488
20005,63,2.498,2.493
20007,63,2.498,2.493
20008,63,2.502,2.498
20009,63,2.498,2.493
20011,63,2.498,2.498
20013,63,2.498,2.493
20015,63,2.498,2.493
20016,63,2.498,2.493
20017,63,2.493,2.488
20019,63,2.493,2.488
20020,63,2.493,2.483
20022,63,2.493,2.488
20027,65,2.498,2.493
20028,65,2.498,2.498
20030,65,2.498,2.493
20031,65,2.498,2.493
20032,65,2.498,2.498
20034,65,2.498,2.493
20035,65,2.493,2.493
20039,65,2.493,2.488
20041,65,2.488,2.483
20042,65,2.493,2.488
20044,65,2.488,2.488
20049,64,2.498,2.493
20050,64,2.498,2.498
20052,64,2.502,2.498
20053,64,2.498,2.493
20054,64,2.498,2.493
20057,64,2.498,2.493
20058,64,2.493,2.488
20060,64,2.493,2.488
20061,64,2.488,2.483
20062,64,2.493,2.488
20064,64,2.493,2.488
20065,64,2.493,2.488
Time_ms,Distance_mm,VA0_V,VA1_V
8,0,2.859,2.605
12,0,2.493,2.483
14,0,2.498,2.493
15,0,2.498,2.493
16,0,2.502,2.498
18,0,2.502,2.498
19,0,2.498,2.498
23,0,2.498,2.488
24,0,2.493,2.488
25,0,2.493,2.488
27,0,2.488,2.483
32,0,2.498,2.493
33,0,2.498,2.493
34,0,2.502,2.498
35,0,2.498,2.493
37,0,2.498,2.498
38,0,2.498,2.498
39,0,2.498,2.498
40,0,2.498,2.498
42,0,2.493,2.493
43,0,2.493,2.488
44,0,2.493,2.488
45,0,2.488,2.488
47,0,2.493,2.488
48,0,2.493,2.488
53,58,2.498,2.498
54,58,2.498,2.493
57,58,2.498,2.498
58,58,2.502,2.498
59,58,2.498,2.493
60,58,2.498,2.493
62,58,2.493,2.493
63,58,2.493,2.493
64,58,2.488,2.483
66,58,2.493,2.488
70,58,2.493,2.488
71,58,2.493,2.493
76,56,2.502,2.498
77,56,2.498,2.498
79,56,2.498,2.493
80,56,2.498,2.493
81,56,2.498,2.493
82,56,2.493,2.488
84,56,2.488,2.488
85,56,2.493,2.488
86,56,2.488,2.483
88,56,2.488,2.488
89,56,2.493,2.488
90,56,2.493,2.488
92,56,2.493,2.493
93,56,2.498,2.493
99,63,2.502,2.493
100,63,2.498,2.493
101,63,2.493,2.493
103,63,2.498,2.493
104,63,2.493,2.488
105,63,2.493,2.488
107,63,2.488,2.483
108,63,2.493,2.488
109,63,2.488,2.488
111,63,2.493,2.488
112,63,2.498,2.493
116,63,2.502,2.498
121,63,2.498,2.488
123,63,2.493,2.488
124,63,2.488,2.488
125,63,2.493,2.488
127,63,2.488,2.483
128,63,2.493,2.488
129,63,2.493,2.488
131,63,2.493,2.493
132,63,2.498,2.493
133,63,2.498,2.493
135,63,2.498,2.493
136,63,2.502,2.498
137,63,2.498,2.498
139,63,2.498,2.493
145,65,2.493,2.488
146,65,2.488,2.488
147,65,2.493,2.483
149,65,2.493,2.488
150,65,2.493,2.488
151,65,2.478,2.488
153,65,2.493,2.493
154,65,2.498,2.498
155,65,2.498,2.478
157,65,2.498,2.498
161,65,2.498,2.493
162,65,2.493,2.493
167,65,2.493,2.488
168,65,2.493,2.488
170,65,2.493,2.488
171,65,2.498,2.493
173,65,2.498,2.493
174,65,2.498,2.498
175,65,2.498,2.498
177,65,2.502,2.498
178,65,2.502,2.498
179,65,2.498,2.493
181,65,2.498,2.493
194,64,2.498,2.498
198,64,2.498,2.498
200,64,2.498,2.498
201,64,2.498,2.493
202,64,2.498,2.493
204,64,2.488,2.488
205,64,2.493,2.488
206,64,2.478,2.483
211,65,2.498,2.493
213,65,2.498,2.493
214,65,2.498,2.498
215,65,2.498,2.498
217,65,2.498,2.498
221,65,2.498,2.493
222,65,2.493,2.493
223,65,2.493,2.483
225,65,2.493,2.488
227,65,2.488,2.483
228,65,2.493,2.488
230,65,2.488,2.488
235,64,2.498,2.498
236,64,2.498,2.498
237,64,2.502,2.493
239,64,2.493,2.493
240,64,2.498,2.498
241,64,2.493,2.493
243,64,2.493,2.493
244,64,2.488,2.488
245,64,2.483,2.488
247,64,2.488,2.483
248,64,2.493,2.488
249,64,2.493,2.488
251,64,2.493,2.488
252,64,2.498,2.493
257,64,2.502,2.498
258,64,2.498,2.498
260,64,2.498,2.498
261,64,2.498,2.493
265,64,2.488,2.488
267,64,2.488,2.488
268,64,2.493,2.488
270,64,2.493,2.488
272,64,2.493,2.488
273,64,2.493,2.493
274,64,2.498,2.493
276,64,2.498,2.493
281,67,2.498,2.488
282,67,2.498,2.493
283,67,2.493,2.488
285,67,2.493,2.488
286,67,2.488,2.483
287,67,2.493,2.488
289,67,2.493,2.488
290,67,2.493,2.488
291,67,2.498,2.493
293,67,2.498,2.493
294,67,2.502,2.493
295,67,2.502,2.498
297,67,2.502,2.493
302,63,2.493,2.493
303,63,2.493,2.488
304,63,2.493,2.488
306,63,2.488,2.483
307,63,2.493,2.488
312,63,2.493,2.493
313,63,2.498,2.493
315,63,2.498,2.493
316,63,2.502,2.498
317,63,2.498,2.498
319,63,2.498,2.493
320,63,2.498,2.498
325,65,2.493,2.488
327,65,2.488,2.483
328,65,2.493,2.488
329,65,2.488,2.488
331,65,2.493,2.488
332,65,2.493,2.493
333,65,2.498,2.498
335,65,2.498,2.493
336,65,2.502,2.498
337,65,2.502,2.498
339,65,2.498,2.493
340,65,2.498,2.493
341,65,2.498,2.493
343,65,2.493,2.493
348,65,2.493,2.488
349,65,2.493,2.488
350,65,2.493,2.493
352,65,2.493,2.493
353,65,2.498,2.493
358,65,2.498,2.498
359,65,2.498,2.493
361,65,2.498,2.493
362,65,2.498,2.493
363,65,2.493,2.488
365,65,2.493,2.488
366,65,2.488,2.483
371,66,2.498,2.493
372,66,2.493,2.493
374,66,2.502,2.498
383,66,2.493,2.488
387,66,2.493,2.483
388,66,2.493,2.488
393,65,2.498,2.498
394,65,2.498,2.493
396,65,2.502,2.498
398,65,2.498,2.498
399,65,2.498,2.498
401,65,2.498,2.473
402,65,2.498,2.493
403,65,2.493,2.488
405,65,2.493,2.488
406,65,2.488,2.483
407,65,2.493,2.488
409,65,2.483,2.488
417,62,2.502,2.498
418,62,2.498,2.493
419,62,2.498,2.493
421,62,2.498,2.493
422,62,2.493,2.493
423,62,2.488,2.483
425,62,2.493,2.488
426,62,2.488,2.483
427,62,2.493,2.488
429,62,2.493,2.488
430,62,2.493,2.488
431,62,2.493,2.493
433,62,2.498,2.493
438,62,2.498,2.498
440,62,2.498,2.498
441,62,2.498,2.493
443,62,2.493,2.493
444,62,2.493,2.488
445,62,2.493,2.488
447,62,2.488,2.488
448,62,2.493,2.483
449,62,2.493,2.488
451,62,2.493,2.488
452,62,2.493,2.493
453,62,2.498,2.498
455,62,2.498,2.498
462,64,2.498,2.493
464,64,2.473,2.483
465,64,2.488,2.488
466,64,2.488,2.483
468,64,2.493,2.488
469,64,2.493,2.488
470,64,2.493,2.493
472,64,2.493,2.493
473,64,2.498,2.493
474,64,2.498,2.493
476,64,2.502,2.493
477,64,2.498,2.498
478,64,2.498,2.493
484,65,2.493,2.488
486,65,2.493,2.488
487,65,2.488,2.488
489,65,2.493,2.488
490,65,2.488,2.488
491,65,2.493,2.493
493,65,2.493,2.493
494,65,2.502,2.498
495,65,2.498,2.498
497,65,2.502,2.498
498,65,2.502,2.493
499,65,2.502,2.493
507,65,2.493,2.488
508,65,2.493,2.488
510,65,2.493,2.488
511,65,2.493,2.488
512,65,2.498,2.493
514,65,2.502,2.498
515,65,2.498,2.493
516,65,2.502,2.493
518,65,2.498,2.498
519,65,2.498,2.493
520,65,2.493,2.493
522,65,2.498,2.493
523,65,2.488,2.488
529,65,2.493,2.488
530,65,2.493,2.488
532,65,2.493,2.488
533,65,2.498,2.493
534,65,2.498,2.498
536,65,2.498,2.498
537,65,2.498,2.498
538,65,2.498,2.493
540,65,2.498,2.493
541,65,2.498,2.493
542,65,2.493,2.488
544,65,2.493,2.483
545,65,2.493,2.488
553,62,2.498,2.493
554,62,2.498,2.498
556,62,2.502,2.498
557,62,2.498,2.498
558,62,2.498,2.498
560,62,2.498,2.493
561,62,2.493,2.493
562,62,2.493,2.493
576,64,2.502,2.498
580,64,2.498,2.498
581,64,2.493,2.493
583,64,2.493,2.488
584,64,2.493,2.483
585,64,2.493,2.488
587,64,2.488,2.473
588,64,2.493,2.488
589,64,2.493,2.488
591,64,2.493,2.488
592,64,2.498,2.493
597,65,2.502,2.488
598,65,2.498,2.493
600,65,2.498,2.498
601,65,2.493,2.493
602,65,2.493,2.488
604,65,2.493,2.488
605,65,2.488,2.488
609,65,2.493,2.488
611,65,2.493,2.493
613,65,2.498,2.493
614,65,2.498,2.498
619,61,2.498,2.493
620,61,2.498,2.498
622,61,2.493,2.493
623,61,2.493,2.488
624,61,2.493,2.488
626,61,2.488,2.488
627,61,2.493,2.488
628,61,2.493,2.488
630,61,2.493,2.488
631,61,2.493,2.488
633,61,2.498,2.493
634,61,2.498,2.498
635,61,2.498,2.498
637,61,2.498,2.498
642,66,2.498,2.493
643,66,2.488,2.488
644,66,2.493,2.488
646,66,2.488,2.483
647,66,2.493,2.488
648,66,2.493,2.488
650,66,2.493,2.488
667,62,2.493,2.488
668,62,2.493,2.483
669,62,2.493,2.488
671,62,2.493,2.493
672,62,2.498,2.493
673,62,2.502,2.493
675,62,2.498,2.493
676,62,2.498,2.498
677,62,2.498,2.493
679,62,2.498,2.493
680,62,2.498,2.493
682,62,2.493,2.493
687,63,2.488,2.488
688,63,2.493,2.488
689,63,2.493,2.488
691,63,2.493,2.493
692,63,2.483,2.493
693,63,2.498,2.498
696,63,2.498,2.493
697,63,2.498,2.498
698,63,2.498,2.498
700,63,2.498,2.498
701,63,2.493,2.493
702,63,2.493,2.493
704,63,2.488,2.488
705,63,2.493,2.488
713,66,2.498,2.493
714,66,2.498,2.498
715,66,2.498,2.498
717,66,2.498,2.498
718,66,2.498,2.493
719,66,2.502,2.493
721,66,2.498,2.493
722,66,2.493,2.493
723,66,2.493,2.488
725,66,2.493,2.488
726,66,2.488,2.488
727,66,2.493,2.488
733,61,2.498,2.498
734,61,2.498,2.493
735,61,2.502,2.498
737,61,2.502,2.498
739,61,2.498,2.493
740,61,2.498,2.493
742,61,2.493,2.493
743,61,2.498,2.493
744,61,2.493,2.483
746,61,2.493,2.488
747,61,2.488,2.488
748,61,2.493,2.488
750,61,2.493,2.488
757,64,2.493,2.498
759,64,2.498,2.493
760,64,2.498,2.493
761,64,2.493,2.493
763,64,2.493,2.488
764,64,2.493,2.488
777,66,2.498,2.498
782,66,2.493,2.493
783,66,2.493,2.488
784,66,2.493,2.488
786,66,2.493,2.483
787,66,2.488,2.488
788,66,2.493,2.488
790,66,2.493,2.488
791,66,2.498,2.493
792,66,2.493,2.493
794,66,2.502,2.493
795,66,2.498,2.493
800,66,2.502,2.493
801,66,2.498,2.493
803,66,2.493,2.488
804,66,2.493,2.488
805,66,2.488,2.488
807,66,2.493,2.488
808,66,2.493,2.488
809,66,2.493,2.488
814,66,2.498,2.498
815,66,2.498,2.493
816,66,2.502,2.493
818,66,2.498,2.498
824,63,2.493,2.488
825,63,2.493,2.488
826,63,2.488,2.483
828,63,2.493,2.488
829,63,2.493,2.488
830,63,2.493,2.488
832,63,2.498,2.493
833,63,2.498,2.493
834,63,2.498,2.493
836,63,2.502,2.498
837,63,2.498,2.498
838,63,2.498,2.493
840,63,2.498,2.493
841,63,2.493,2.493
846,65,2.488,2.483
847,65,2.488,2.488
849,65,2.493,2.488
850,65,2.493,2.488
851,65,2.498,2.493
853,65,2.498,2.493
854,65,2.498,2.493
855,65,2.502,2.498
859,65,2.498,2.493
861,65,2.498,2.493
862,65,2.493,2.488
868,65,2.493,2.488
869,65,2.493,2.488
871,65,2.493,2.488
872,65,2.498,2.493
873,65,2.498,2.493
875,65,2.498,2.498
876,65,2.502,2.498
877,65,2.498,2.498
879,65,2.498,2.493
880,65,2.498,2.488
881,65,2.498,2.493
883,65,2.493,2.488
884,65,2.493,2.488
885,65,2.488,2.488
890,63,2.493,2.493
892,63,2.498,2.493
893,63,2.498,2.498
895,63,2.498,2.493
896,63,2.502,2.498
897,63,2.498,2.498
899,63,2.498,2.498
900,63,2.493,2.493
904,63,2.493,2.488
905,63,2.488,2.483
907,63,2.493,2.488
908,63,2.493,2.488
914,64,2.502,2.498
915,64,2.498,2.498
917,64,2.502,2.498
918,64,2.498,2.493
919,64,2.498,2.498
921,64,2.498,2.493
922,64,2.493,2.488
923,64,2.488,2.483
925,64,2.493,2.488
926,64,2.488,2.488
927,64,2.493,2.488
929,64,2.493,2.488
930,64,2.498,2.493
935,65,2.502,2.498
937,65,2.502,2.498
938,65,2.498,2.493
939,65,2.498,2.493
941,65,2.498,2.493
942,65,2.493,2.493
943,65,2.493,2.488
945,65,2.493,2.488
946,65,2.488,2.483
950,65,2.493,2.488
952,65,2.493,2.493
954,65,2.502,2.498
967,65,2.493,2.483
970,65,2.493,2.493
972,65,2.498,2.493
973,65,2.502,2.493
974,65,2.498,2.493
976,65,2.502,2.498
981,63,2.498,2.493
982,63,2.493,2.488
983,63,2.488,2.488
985,63,2.493,2.488
986,63,2.493,2.488
987,63,2.493,2.488
989,63,2.493,2.488
990,63,2.493,2.493
991,63,2.493,2.493
993,63,2.498,2.498
995,63,2.498,2.493
996,63,2.498,2.498
998,63,2.498,2.498
999,63,2.498,2.493
1004,66,2.493,2.488
1005,66,2.488,2.488
1010,66,2.493,2.488
1011,66,2.498,2.493
1012,66,2.498,2.493
1014,66,2.498,2.498
1015,66,2.502,2.498
1016,66,2.498,2.498
1018,66,2.498,2.493
1019,66,2.498,2.493
1021,66,2.498,2.493
1026,64,2.488,2.488
1027,64,2.493,2.488
1028,64,2.493,2.488
1030,64,2.493,2.493
1031,64,2.498,2.493
1033,64,2.498,2.493
1034,64,2.498,2.493
1035,64,2.502,2.498
1038,64,2.498,2.498
1039,64,2.498,2.498
1040,64,2.493,2.493
1042,64,2.493,2.493
1043,64,2.488,2.488
1045,64,2.493,2.488
1050,63,2.493,2.488
1051,63,2.493,2.493
1055,63,2.498,2.498
1056,63,2.498,2.493
1058,63,2.498,2.493
1059,63,2.498,2.493
1061,63,2.498,2.488
1062,63,2.493,2.488
1063,63,2.493,2.478
1065,63,2.493,2.488
1066,63,2.488,2.483
1071,66,2.498,2.493
1073,66,2.498,2.498
1074,66,2.498,2.493
1075,66,2.493,2.498
1077,66,2.498,2.498
1078,66,2.498,2.498
1080,66,2.498,2.493
1082,66,2.493,2.493
1083,66,2.493,2.488
1085,66,2.493,2.488
1086,66,2.488,2.483
1087,66,2.493,2.488
1089,66,2.493,2.488
1090,66,2.493,2.493
1095,64,2.502,2.498
1099,64,2.498,2.498
1101,64,2.493,2.493
1102,64,2.498,2.493
1103,64,2.493,2.488
1105,64,2.488,2.483
1106,64,2.488,2.488
1107,64,2.493,2.483
1109,64,2.488,2.488
1110,64,2.498,2.488
1112,64,2.498,2.493
1117,64,2.498,2.498
1118,64,2.502,2.498
1119,64,2.498,2.493
1121,64,2.498,2.488
1123,64,2.488,2.483
1125,64,2.493,2.488
1126,64,2.488,2.483
1127,64,2.488,2.483
1129,64,2.493,2.488
1130,64,2.493,2.483
1131,64,2.493,2.488
1133,64,2.498,2.498
1134,64,2.498,2.493
1139,63,2.502,2.498
1143,63,2.488,2.483
1145,63,2.488,2.483
1146,63,2.488,2.483
1148,63,2.488,2.483
1149,63,2.488,2.483
1162,65,2.493,2.493
1167,65,2.488,2.483
1168,65,2.488,2.488
1169,65,2.493,2.488
1171,65,2.493,2.493
1172,65,2.498,2.493
1173,65,2.502,2.498
1175,65,2.502,2.498
1176,65,2.507,2.502
1178,65,2.502,2.498
1179,65,2.502,2.498
1180,65,2.498,2.493
1185,63,2.488,2.483
1187,63,2.488,2.483
1188,63,2.488,2.488
1190,63,2.493,2.488
1191,63,2.498,2.493
1192,63,2.498,2.498
1194,63,2.498,2.493
1195,63,2.507,2.502
1199,63,2.502,2.498
1201,63,2.498,2.493
1202,63,2.493,2.488
1208,62,2.488,2.488
1209,62,2.488,2.483
1211,62,2.498,2.488
1212,62,2.498,2.493
1213,62,2.502,2.498
1215,62,2.498,2.498
1216,62,2.502,2.502
1218,62,2.502,2.493
1219,62,2.502,2.498
1220,62,2.498,2.493
1222,62,2.493,2.493
1223,62,2.483,2.483
1224,62,2.483,2.483
1230,60,2.493,2.488
1231,60,2.498,2.493
1232,60,2.498,2.498
1234,60,2.502,2.498
1235,60,2.507,2.502
1236,60,2.507,2.498
1238,60,2.502,2.498
1239,60,2.498,2.498
1243,60,2.493,2.483
1245,60,2.488,2.483
1246,60,2.488,2.488
1247,60,2.493,2.488
1253,64,2.507,2.502
1255,64,2.498,2.498
1256,64,2.502,2.502
1258,64,2.502,2.498
1259,64,2.498,2.498
1260,64,2.498,2.493
1262,64,2.498,2.493
1263,64,2.493,2.488
1264,64,2.493,2.493
1266,64,2.488,2.478
1267,64,2.488,2.483
1269,64,2.488,2.483
1270,64,2.498,2.493
1275,64,2.507,2.502
1276,64,2.502,2.498
1278,64,2.502,2.498
1279,64,2.498,2.498
1281,64,2.493,2.493
1282,64,2.488,2.493
1283,64,2.488,2.483
1285,64,2.488,2.483
1289,64,2.488,2.488
1290,64,2.493,2.488
1291,64,2.498,2.493
1294,64,2.502,2.493
1299,66,2.502,2.498
1300,66,2.498,2.493
1302,66,2.498,2.493
1303,66,2.493,2.483
1304,66,2.488,2.478
1306,66,2.483,2.478
1307,66,2.488,2.483
1309,66,2.488,2.483
1310,66,2.493,2.493
1311,66,2.493,2.493
1313,66,2.502,2.498
1314,66,2.502,2.498
1315,66,2.507,2.498
1321,63,2.498,2.493
1322,63,2.493,2.488
1323,63,2.488,2.488
1325,63,2.488,2.483
1326,63,2.488,2.483
1327,63,2.493,2.488
1329,63,2.488,2.488
1333,63,2.502,2.498
1334,63,2.502,2.498
1337,63,2.502,2.502
1338,63,2.502,2.498
1343,63,2.488,2.483
1344,63,2.493,2.488
1346,63,2.483,2.483
1355,63,2.502,2.502
1359,63,2.502,2.498
1360,63,2.498,2.493
1365,62,2.488,2.483
1367,62,2.478,2.483
1368,62,2.488,2.483
1369,62,2.493,2.488
1371,62,2.498,2.493
1372,62,2.502,2.498
1374,62,2.498,2.498
1375,62,2.507,2.502
1376,62,2.502,2.498
1379,62,2.502,2.498
1380,62,2.498,2.498
1381,62,2.498,2.493
1383,62,2.493,2.488
1384,62,2.493,2.488
1392,62,2.498,2.498
1393,62,2.502,2.498
1395,62,2.502,2.498
1396,62,2.502,2.498
1397,62,2.502,2.498
1399,62,2.502,2.502
1400,62,2.493,2.493
1402,62,2.493,2.488
1403,62,2.488,2.478
1404,62,2.488,2.483
1406,62,2.483,2.483
1411,65,2.498,2.493
1412,65,2.502,2.498
1414,65,2.498,2.493
1415,65,2.502,2.498
1416,65,2.498,2.498
1418,65,2.502,2.498
1419,65,2.498,2.493
1420,65,2.498,2.493
1423,65,2.493,2.483
1424,65,2.493,2.488
1426,65,2.488,2.483
1427,65,2.488,2.483
1428,65,2.488,2.483
1433,64,2.502,2.502
1445,64,2.483,2.483
1447,64,2.488,2.483
1448,64,2.488,2.483
1450,64,2.493,2.493
1451,64,2.498,2.493
1456,61,2.502,2.498
1457,61,2.502,2.498
1459,61,2.498,2.498
1460,61,2.498,2.493
1462,61,2.498,2.488
1464,61,2.488,2.488
1465,61,2.483,2.483
1467,61,2.493,2.483
1468,61,2.493,2.488
1469,61,2.493,2.488
1471,61,2.493,2.493
1472,61,2.498,2.493
1473,61,2.502,2.498
1479,63,2.502,2.498
1480,63,2.498,2.493
1481,63,2.493,2.493
1483,63,2.483,2.483
1484,63,2.493,2.488
1485,63,2.483,2.483
1490,63,2.488,2.488
1491,63,2.493,2.493
1492,63,2.502,2.493
1494,63,2.502,2.498
1495,63,2.507,2.502
1496,63,2.493,2.498
1502,59,2.498,2.493
1503,59,2.488,2.483
1504,59,2.488,2.483
1507,59,2.488,2.483
1508,59,2.488,2.488
1509,59,2.488,2.488
1511,59,2.493,2.488
1512,59,2.498,2.493
1514,59,2.502,2.498
1515,59,2.502,2.498
1516,59,2.502,2.498
1518,59,2.502,2.498
1519,59,2.502,2.498
1524,63,2.493,2.493
1525,63,2.483,2.483
1527,63,2.488,2.483
1528,63,2.488,2.483
1530,63,2.488,2.488
1531,63,2.498,2.493
1535,63,2.507,2.498
1536,63,2.488,2.493
1538,63,2.502,2.493
1539,63,2.498,2.488
1541,63,2.478,2.493
1542,63,2.488,2.488
1547,60,2.493,2.488
1548,60,2.488,2.483
1551,60,2.498,2.493
1560,60,2.498,2.493
1564,60,2.493,2.483
1569,60,2.493,2.488
1570,60,2.493,2.493
1572,60,2.498,2.493
1573,60,2.507,2.498
1574,60,2.502,2.498
1576,60,2.502,2.498
1577,60,2.502,2.498
1578,60,2.502,2.498
1580,60,2.498,2.493
1581,60,2.493,2.493
1583,60,2.488,2.483
1584,60,2.493,2.483
1585,60,2.483,2.483
1594,65,2.502,2.493
1596,65,2.502,2.502
1597,65,2.502,2.498
1598,65,2.502,2.493
1600,65,2.502,2.488
1601,65,2.498,2.493
1602,65,2.488,2.488
1604,65,2.493,2.483
1605,65,2.483,2.483
1606,65,2.488,2.483
1608,65,2.488,2.483
1609,65,2.493,2.488
1614,64,2.502,2.498
1616,64,2.502,2.498
1617,64,2.502,2.502
1618,64,2.502,2.498
1620,64,2.493,2.488
1621,64,2.493,2.488
1622,64,2.483,2.483
1624,64,2.493,2.488
1625,64,2.483,2.483
1627,64,2.483,2.483
1628,64,2.488,2.483
1629,64,2.498,2.493
1638,61,2.507,2.498
1640,61,2.498,2.493
1641,61,2.498,2.493
1642,61,2.493,2.488
1644,61,2.488,2.488
1645,61,2.483,2.483
1646,61,2.488,2.483
1648,61,2.488,2.483
1649,61,2.488,2.488
1651,61,2.493,2.493
1652,61,2.498,2.493
1653,61,2.498,2.498
1655,61,2.507,2.502
1660,64,2.498,2.493
1661,64,2.498,2.493
1662,64,2.488,2.483
1664,64,2.488,2.493
1665,64,2.488,2.478
1667,64,2.488,2.488
1668,64,2.488,2.483
1669,64,2.498,2.493
1671,64,2.498,2.493
1672,64,2.502,2.498
1673,64,2.502,2.498
1675,64,2.502,2.502
1684,65,2.493,2.488
1685,65,2.483,2.483
1686,65,2.488,2.483
1688,65,2.488,2.488
1689,65,2.493,2.483
1691,65,2.493,2.493
1692,65,2.498,2.493
1693,65,2.502,2.498
1695,65,2.502,2.502
1696,65,2.502,2.498
1697,65,2.502,2.498
1699,65,2.502,2.498
1700,65,2.493,2.493
1705,62,2.488,2.483
1707,62,2.488,2.483
1708,62,2.488,2.483
1709,62,2.493,2.493
1711,62,2.493,2.488
1712,62,2.502,2.498
1713,62,2.502,2.498
1715,62,2.507,2.498
1716,62,2.502,2.498
1718,62,2.502,2.498
1720,62,2.498,2.493
1728,65,2.493,2.488
1729,65,2.488,2.488
1731,65,2.493,2.493
1732,65,2.498,2.493
1733,65,2.502,2.498
1735,65,2.502,2.498
1736,65,2.507,2.502
1737,65,2.498,2.498
1739,65,2.502,2.502
1740,65,2.498,2.493
1741,65,2.493,2.493
1743,65,2.488,2.483
1756,61,2.507,2.493
1760,61,2.498,2.493
1761,61,2.493,2.488
1763,61,2.488,2.483
1765,61,2.488,2.483
1766,61,2.488,2.483
1767,61,2.493,2.488
1769,61,2.488,2.483
1774,61,2.502,2.493
1775,61,2.507,2.498
1777,61,2.502,2.498
1778,61,2.502,2.498
1782,61,2.488,2.483
1783,61,2.493,2.483
1785,61,2.488,2.483
1786,61,2.493,2.483
1788,61,2.488,2.483
1789,61,2.488,2.488
1790,61,2.493,2.498
1795,62,2.502,2.502
1797,62,2.502,2.498
1798,62,2.502,2.498
1800,62,2.498,2.493
1801,62,2.493,2.483
1802,62,2.493,2.483
1804,62,2.493,2.488
1806,62,2.488,2.478
1807,62,2.488,2.483
1809,62,2.488,2.483
1810,62,2.498,2.493
1811,62,2.493,2.488
1813,62,2.502,2.498
1818,65,2.502,2.498
1819,65,2.502,2.493
1821,65,2.498,2.493
1822,65,2.488,2.488
1823,65,2.493,2.488
1828,65,2.488,2.483
1829,65,2.493,2.488
1830,65,2.498,2.493
1832,65,2.498,2.498
1833,65,2.502,2.498
1834,65,2.502,2.502
1836,65,2.502,2.502
1841,61,2.493,2.493
1842,61,2.488,2.483
1844,61,2.493,2.483
1845,61,2.488,2.478
1846,61,2.488,2.483
1849,61,2.488,2.483
1850,61,2.498,2.488
1851,61,2.493,2.493
1853,61,2.502,2.498
1854,61,2.502,2.498
1856,61,2.507,2.502
1857,61,2.502,2.498
1858,61,2.502,2.498
1863,66,2.493,2.488
1865,66,2.488,2.478
1866,66,2.493,2.483
1867,66,2.493,2.483
1872,66,2.498,2.493
1873,66,2.502,2.498
1874,66,2.507,2.498
1876,66,2.502,2.502
1877,66,2.498,2.498
1878,66,2.502,2.498
1880,66,2.493,2.493
1881,66,2.493,2.488
1886,65,2.493,2.483
1888,65,2.488,2.483
1889,65,2.498,2.493
1891,65,2.493,2.493
1893,65,2.502,2.502
1894,65,2.498,2.498
1895,65,2.507,2.502
1897,65,2.502,2.502
1898,65,2.502,2.498
1900,65,2.498,2.488
1901,65,2.493,2.493
1902,65,2.493,2.483
1904,65,2.488,2.488
1909,67,2.488,2.483
1910,67,2.493,2.493
1912,67,2.498,2.483
1913,67,2.502,2.502
1917,67,2.498,2.498
1918,67,2.502,2.498
1920,67,2.493,2.493
1921,67,2.493,2.488
1922,67,2.488,2.488
1924,67,2.493,2.483
1925,67,2.488,2.483
1927,67,2.488,2.483
1932,62,2.502,2.498
1934,62,2.498,2.498
1935,62,2.507,2.502
1937,62,2.502,2.502
1938,62,2.502,2.498
1940,62,2.498,2.498
1949,62,2.488,2.483
1956,64,2.502,2.502
1958,64,2.498,2.498
1959,64,2.498,2.493
1960,64,2.498,2.493
1962,64,2.488,2.488
1963,64,2.488,2.488
1965,64,2.483,2.483
1966,64,2.488,2.483
1967,64,2.493,2.488
1971,64,2.498,2.498
1978,61,2.502,2.498
1979,61,2.502,2.498
1980,61,2.498,2.493
1982,61,2.498,2.483
1983,61,2.488,2.478
1984,61,2.488,2.483
1986,61,2.488,2.478
1987,61,2.488,2.483
1988,61,2.493,2.483
1990,61,2.493,2.493
1991,61,2.498,2.493
1993,61,2.507,2.502
1994,61,2.498,2.493
1999,61,2.498,2.498
2000,61,2.498,2.493
2002,61,2.493,2.488
2003,61,2.493,2.488
2005,61,2.483,2.483
2006,61,2.488,2.483
2007,61,2.488,2.488
2009,61,2.493,2.488
2010,61,2.498,2.493
2011,61,2.502,2.498
2016,61,2.502,2.498
2017,61,2.502,2.498
2023,64,2.488,2.483
2024,64,2.488,2.483
2026,64,2.483,2.483
2027,64,2.488,2.483
2028,64,2.493,2.488
2030,64,2.498,2.493
2031,64,2.493,2.488
2033,64,2.502,2.498
2034,64,2.493,2.493
2035,64,2.507,2.502
2037,64,2.507,2.502
2038,64,2.502,2.498
2039,64,2.498,2.493
2045,64,2.488,2.483
2046,64,2.488,2.483
2047,64,2.488,2.483
2049,64,2.488,2.488
2050,64,2.498,2.493
2051,64,2.498,2.498
2053,64,2.502,2.498
2054,64,2.507,2.502
2055,64,2.502,2.502
2057,64,2.502,2.498
2062,64,2.493,2.488
2067,65,2.488,2.483
2068,65,2.488,2.483
2070,65,2.498,2.488
2071,65,2.498,2.493
2073,65,2.502,2.502
2074,65,2.502,2.498
2075,65,2.507,2.498
2077,65,2.498,2.493
2078,65,2.502,2.498
2079,65,2.498,2.493
2081,65,2.493,2.493
2082,65,2.488,2.483
2083,65,2.488,2.488
2085,65,2.483,2.478
2090,62,2.502,2.493
2091,62,2.498,2.493
2093,62,2.502,2.498
2094,62,2.502,2.502
2095,62,2.502,2.498
2097,62,2.502,2.498
2098,62,2.507,2.498
2100,62,2.498,2.493
2101,62,2.493,2.493
2106,62,2.488,2.478
2107,62,2.483,2.483
2112,61,2.502,2.498
2114,61,2.498,2.498
2115,61,2.507,2.502
2117,61,2.498,2.498
2118,61,2.502,2.498
2119,61,2.498,2.488
2121,61,2.493,2.488
2122,61,2.488,2.488
2123,61,2.488,2.488
2125,61,2.483,2.483
2126,61,2.488,2.483
2128,61,2.488,2.483
2129,61,2.488,2.488
2130,61,2.493,2.493
2135,63,2.507,2.502
2145,63,2.483,2.478
2149,63,2.493,2.488
2151,63,2.498,2.493
2152,63,2.502,2.498
2154,63,2.502,2.498
2159,66,2.502,2.498
2160,66,2.493,2.493
2164,66,2.488,2.483
2166,66,2.488,2.483
2167,66,2.488,2.483
2168,66,2.493,2.483
2170,66,2.493,2.493
2171,66,2.498,2.493
2172,66,2.502,2.498
2174,66,2.502,2.498
2175,66,2.507,2.498
2180,62,2.498,2.493
2182,62,2.493,2.483
2183,62,2.493,2.488
2184,62,2.483,2.478
2186,62,2.488,2.483
2187,62,2.493,2.483
2188,62,2.493,2.488
2191,62,2.493,2.488
2192,62,2.498,2.493
2194,62,2.502,2.498
2195,62,2.502,2.502
2196,62,2.507,2.498
2198,62,2.502,2.498
2203,63,2.488,2.488
2204,63,2.483,2.483
2205,63,2.483,2.483
2233,64,2.507,2.502
2234,64,2.502,2.493
2236,64,2.507,2.502
2237,64,2.507,2.498
2238,64,2.498,2.488
2240,64,2.498,2.493
2241,64,2.498,2.493
2242,64,2.488,2.483
2244,64,2.493,2.483
2249,62,2.493,2.493
2250,62,2.493,2.493
2252,62,2.498,2.493
2253,62,2.502,2.498
2254,62,2.507,2.502
2256,62,2.502,2.502
2257,62,2.498,2.498
2258,62,2.502,2.498
2260,62,2.498,2.493
2261,62,2.493,2.488
2263,62,2.488,2.478
2264,62,2.488,2.478
2265,62,2.488,2.478
2270,65,2.498,2.493
2272,65,2.502,2.498
2277,65,2.502,2.502
2278,65,2.502,2.498
2280,65,2.498,2.493
2281,65,2.498,2.488
2282,65,2.493,2.483
2284,65,2.493,2.483
2285,65,2.483,2.483
2287,65,2.488,2.483
2288,65,2.488,2.483
2293,62,2.502,2.498
2294,62,2.507,2.502
2296,62,2.507,2.498
2297,62,2.502,2.498
2299,62,2.502,2.493
2300,62,2.498,2.493
2301,62,2.493,2.488
2303,62,2.488,2.483
2304,62,2.483,2.483
2305,62,2.488,2.483
2307,62,2.493,2.483
2308,62,2.488,2.488
2309,62,2.493,2.493
2311,62,2.493,2.493
2316,62,2.502,2.498
2318,62,2.502,2.498
2322,62,2.488,2.483
2324,62,2.488,2.488
2325,62,2.483,2.483
2327,62,2.483,2.483
2328,62,2.488,2.483
2329,62,2.493,2.488
2331,62,2.498,2.493
2332,62,2.502,2.498
2333,62,2.498,2.498
2338,66,2.502,2.498
2340,66,2.498,2.493
2341,66,2.493,2.493
2343,66,2.488,2.483
2344,66,2.488,2.483
2345,66,2.488,2.483
2347,66,2.488,2.488
2348,66,2.488,2.483
2349,66,2.498,2.493
2351,66,2.498,2.493
2365,64,2.483,2.483
2369,64,2.483,2.483
2370,64,2.498,2.493
2371,64,2.498,2.493
2373,64,2.507,2.498
2377,64,2.502,2.498
2378,64,2.507,2.493
2383,62,2.493,2.483
2385,62,2.483,2.478
2386,62,2.483,2.483
2387,62,2.493,2.488
2389,62,2.493,2.493
2390,62,2.498,2.493
2392,62,2.498,2.502
2393,62,2.498,2.493
2394,62,2.502,2.502
2396,62,2.498,2.498
2397,62,2.502,2.493
2398,62,2.493,2.493
2400,62,2.493,2.493
2401,62,2.493,2.483
2407,66,2.493,2.488
2409,66,2.488,2.488
2410,66,2.498,2.488
2411,66,2.498,2.493
2413,66,2.507,2.498
2414,66,2.502,2.498
2415,66,2.502,2.498
2417,66,2.498,2.498
2421,66,2.493,2.488
2422,66,2.488,2.483
2424,66,2.488,2.483
2429,65,2.498,2.493
2430,65,2.498,2.493
2432,65,2.502,2.498
2433,65,2.498,2.498
2434,65,2.507,2.498
2436,65,2.502,2.498
2437,65,2.502,2.493
2438,65,2.498,2.483
2440,65,2.498,2.493
2441,65,2.488,2.488
2443,65,2.488,2.483
2444,65,2.478,2.478
2446,65,2.488,2.483
2448,65,2.488,2.483
2453,61,2.507,2.502
2454,61,2.502,2.498
2455,61,2.507,2.502
2457,61,2.498,2.498
2458,61,2.502,2.498
2460,61,2.498,2.493
2461,61,2.498,2.493
2462,61,2.488,2.483
2466,61,2.488,2.488
2468,61,2.488,2.483
2469,61,2.493,2.488
2474,65,2.507,2.502
2476,65,2.502,2.498
2477,65,2.502,2.498
2478,65,2.502,2.493
2480,65,2.498,2.493
2481,65,2.493,2.488
2482,65,2.488,2.483
2484,65,2.483,2.478
2485,65,2.488,2.483
2488,65,2.488,2.483
2489,65,2.493,2.488
2490,65,2.493,2.488
2492,65,2.493,2.493
2497,61,2.507,2.498
2498,61,2.502,2.498
2500,61,2.493,2.493
2501,61,2.493,2.488
2502,61,2.488,2.473
2504,61,2.493,2.488
2505,61,2.483,2.483
2506,61,2.488,2.483
2511,61,2.498,2.493
2512,61,2.502,2.498
2513,61,2.498,2.498
2515,61,2.507,2.502
2520,64,2.498,2.493
2521,64,2.493,2.493
2522,64,2.488,2.488
2524,64,2.483,2.478
2525,64,2.488,2.483
2527,64,2.488,2.483
2528,64,2.493,2.483
2529,64,2.493,2.488
2532,64,2.498,2.493
2533,64,2.502,2.498
2534,64,2.507,2.498
2536,64,2.502,2.493
2537,64,2.498,2.498
2542,64,2.488,2.483
2544,64,2.493,2.488
2545,64,2.483,2.478
2546,64,2.483,2.483
2548,64,2.488,2.483
2557,64,2.502,2.498
2565,66,2.483,2.483
2566,66,2.488,2.483
2570,66,2.493,2.493
2571,66,2.502,2.498
2574,66,2.502,2.498
2575,66,2.507,2.502
2576,66,2.502,2.498
2578,66,2.502,2.493
2579,66,2.502,2.493
2581,66,2.493,2.493
2582,66,2.493,2.483
2583,66,2.493,2.488
2588,63,2.493,2.488
2590,63,2.498,2.488
2591,63,2.498,2.493
2592,63,2.502,2.498
2594,63,2.498,2.498
2595,63,2.502,2.498
2597,63,2.498,2.493
2598,63,2.498,2.498
2599,63,2.498,2.493
2601,63,2.493,2.488
2602,63,2.488,2.483
2603,63,2.493,2.488
2605,63,2.488,2.483
2610,64,2.498,2.493
2614,64,2.507,2.502
2616,64,2.498,2.498
2618,64,2.498,2.493
2619,64,2.493,2.488
2620,64,2.498,2.493
2622,64,2.493,2.488
2623,64,2.488,2.488
2625,64,2.483,2.483
2626,64,2.488,2.483
2627,64,2.493,2.488
2632,63,2.502,2.502
2634,63,2.507,2.498
2635,63,2.507,2.498
2637,63,2.502,2.498
2638,63,2.502,2.498
2639,63,2.493,2.493
2641,63,2.493,2.488
2642,63,2.488,2.483
2643,63,2.488,2.483
2645,63,2.488,2.483
2646,63,2.488,2.488
2648,63,2.488,2.488
2649,63,2.493,2.493
2650,63,2.493,2.488
2659,64,2.502,2.493
2660,64,2.493,2.488
2662,64,2.488,2.483
2663,64,2.488,2.488
2665,64,2.483,2.478
2666,64,2.488,2.483
2667,64,2.493,2.483
2669,64,2.493,2.488
2670,64,2.493,2.493
2671,64,2.498,2.493
2673,64,2.502,2.498
2678,61,2.502,2.498
2679,61,2.493,2.488
2681,61,2.493,2.493
2682,61,2.488,2.483
2683,61,2.493,2.483
2685,61,2.483,2.478
2686,61,2.488,2.483
2688,61,2.493,2.488
2689,61,2.498,2.493
2690,61,2.498,2.493
2692,61,2.507,2.502
2693,61,2.502,2.493
2694,61,2.507,2.507
2696,61,2.498,2.498
2705,64,2.483,2.483
2706,64,2.488,2.483
2707,64,2.488,2.483
2709,64,2.488,2.488
2710,64,2.493,2.493
2711,64,2.498,2.493
2713,64,2.502,2.498
2714,64,2.507,2.498
2716,64,2.498,2.498
2717,64,2.502,2.498
2718,64,2.502,2.498
2723,63,2.493,2.488
2725,63,2.488,2.483
2726,63,2.493,2.488
2728,63,2.483,2.483
2729,63,2.493,2.493
2730,63,2.498,2.493
2732,63,2.502,2.498
2733,63,2.502,2.493
2734,63,2.502,2.498
2736,63,2.502,2.498
2737,63,2.502,2.498
2738,63,2.498,2.493
2740,63,2.493,2.493
2757,66,2.507,2.493
2760,66,2.493,2.488
2762,66,2.493,2.483
2763,66,2.493,2.488
2768,65,2.493,2.488
2770,65,2.493,2.493
2771,65,2.498,2.498
2772,65,2.502,2.498
2774,65,2.502,2.498
2775,65,2.498,2.502
2776,65,2.502,2.493
2778,65,2.502,2.498
2779,65,2.493,2.493
2781,65,2.493,2.488
2782,65,2.483,2.483
2783,65,2.488,2.483
2785,65,2.488,2.483
2787,65,2.488,2.483
2792,67,2.502,2.498
2793,67,2.498,2.493
2795,67,2.507,2.502
2796,67,2.502,2.493
2798,67,2.502,2.493
2799,67,2.498,2.498
2803,67,2.493,2.488
2804,67,2.483,2.478
2806,67,2.488,2.483
2807,67,2.493,2.488
2809,67,2.493,2.488
2814,66,2.502,2.498
2815,66,2.502,2.498
2816,66,2.502,2.493
2818,66,2.498,2.498
2819,66,2.493,2.493
2820,66,2.493,2.493
2822,66,2.483,2.483
2823,66,2.488,2.483
2825,66,2.488,2.483
2826,66,2.488,2.488
2827,66,2.493,2.488
2830,66,2.493,2.493
2831,66,2.498,2.493
2836,66,2.502,2.502
2838,66,2.498,2.493
2839,66,2.493,2.493
2840,66,2.493,2.493
2842,66,2.488,2.483
2843,66,2.488,2.488
2844,66,2.483,2.483
2848,66,2.488,2.488
2850,66,2.498,2.493
2851,66,2.498,2.498
2853,66,2.498,2.493
2854,66,2.502,2.498
2859,65,2.498,2.493
2860,65,2.493,2.493
2862,65,2.488,2.483
2863,65,2.493,2.488
2865,65,2.488,2.483
2866,65,2.493,2.488
2867,65,2.493,2.488
2869,65,2.498,2.493
2870,65,2.498,2.493
2872,65,2.502,2.498
2874,65,2.498,2.493
2875,65,2.502,2.498
2877,65,2.502,2.493
2882,65,2.493,2.488
2883,65,2.488,2.483
2884,65,2.488,2.483
2886,65,2.493,2.488
2887,65,2.493,2.488
2889,65,2.493,2.488
2893,65,2.502,2.493
2894,65,2.502,2.498
2895,65,2.498,2.498
2897,65,2.498,2.493
2898,65,2.498,2.498
2899,65,2.498,2.493
2905,63,2.493,2.483
2906,63,2.493,2.488
2907,63,2.493,2.483
2909,63,2.493,2.493
2910,63,2.498,2.493
2911,63,2.502,2.498
2913,63,2.498,2.493
2915,63,2.502,2.498
2917,63,2.498,2.498
2918,63,2.498,2.498
2919,63,2.493,2.493
2921,63,2.493,2.493
2922,63,2.493,2.483
2927,64,2.493,2.488
2928,64,2.498,2.488
2930,64,2.493,2.488
2931,64,2.502,2.498
2933,64,2.498,2.493
2934,64,2.502,2.498
2938,64,2.502,2.493
2939,64,2.498,2.493
2952,63,2.498,2.498
2956,63,2.498,2.493
2959,63,2.498,2.498
2960,63,2.493,2.493
2961,63,2.493,2.493
2963,63,2.493,2.488
2964,63,2.488,2.483
2965,63,2.488,2.488
2967,63,2.493,2.493
2972,65,2.502,2.498
2973,65,2.498,2.493
2975,65,2.502,2.498
2976,65,2.493,2.493
2977,65,2.498,2.498
2979,65,2.493,2.493
2980,65,2.493,2.493
2982,65,2.493,2.488
2983,65,2.493,2.488
2984,65,2.488,2.483
2986,65,2.493,2.488
2987,65,2.493,2.488
2988,65,2.498,2.493
3005,63,2.488,2.483
3007,63,2.488,2.488
3008,63,2.493,2.488
3009,63,2.498,2.488
3011,63,2.498,2.493
3012,63,2.502,2.498
3017,66,2.498,2.493
3019,66,2.498,2.493
3020,66,2.493,2.493
3021,66,2.493,2.488
3023,66,2.493,2.488
3024,66,2.488,2.483
3025,66,2.493,2.483
3027,66,2.493,2.488
3028,66,2.493,2.493
3030,66,2.498,2.498
3031,66,2.502,2.498
3032,66,2.498,2.493
3034,66,2.502,2.498
3035,66,2.502,2.493
3040,61,2.493,2.493
3041,61,2.493,2.483
3044,61,2.493,2.483
3045,61,2.488,2.483
3049,61,2.493,2.488
3051,61,2.498,2.488
3052,61,2.502,2.502
3053,61,2.498,2.498
3055,61,2.507,2.498
3056,61,2.498,2.493
3058,61,2.498,2.493
3063,64,2.493,2.488
3064,64,2.483,2.483
3065,64,2.488,2.483
3067,64,2.488,2.483
3068,64,2.488,2.488
3070,64,2.498,2.493
3071,64,2.498,2.498
3072,64,2.498,2.498
3074,64,2.507,2.502
3075,64,2.502,2.498
3076,64,2.502,2.498
3078,64,2.498,2.498
3079,64,2.493,2.493
3084,64,2.483,2.478
3087,64,2.488,2.483
3088,64,2.488,2.483
3089,64,2.498,2.488
3091,64,2.498,2.498
3095,64,2.502,2.502
3096,64,2.502,2.498
3098,64,2.502,2.498
3099,64,2.493,2.488
3100,64,2.498,2.493
3102,64,2.488,2.483
3103,64,2.488,2.488
3108,64,2.493,2.488
3110,64,2.493,2.493
3111,64,2.498,2.498
3112,64,2.502,2.498
3114,64,2.502,2.507
3115,64,2.502,2.498
3116,64,2.502,2.498
3118,64,2.498,2.498
3119,64,2.498,2.493
3121,64,2.493,2.488
3122,64,2.488,2.483
3123,64,2.483,2.483
3125,64,2.488,2.483
3131,64,2.498,2.493
3132,64,2.502,2.498
3133,64,2.498,2.493
3135,64,2.507,2.502
3139,64,2.493,2.493
3140,64,2.493,2.488
3142,64,2.488,2.483
3143,64,2.493,2.488
3144,64,2.483,2.478
3157,64,2.502,2.498
3161,64,2.493,2.483
3163,64,2.493,2.488
3164,64,2.488,2.478
3165,64,2.488,2.483
3167,64,2.493,2.483
3168,64,2.493,2.493
3169,64,2.498,2.493
3172,64,2.502,2.498
3177,64,2.502,2.493
3178,64,2.498,2.498
3180,64,2.493,2.493
3181,64,2.493,2.488
3182,64,2.488,2.483
3184,64,2.488,2.483
3185,64,2.483,2.488
3186,64,2.493,2.488
3188,64,2.488,2.488
3189,64,2.498,2.493
3193,64,2.502,2.498
3198,64,2.493,2.493
3200,64,2.498,2.493
3201,64,2.488,2.483
3202,64,2.493,2.488
3204,64,2.483,2.478
3205,64,2.488,2.483
3207,64,2.493,2.483
3208,64,2.488,2.493
3209,64,2.498,2.493
3211,64,2.498,2.502
3212,64,2.498,2.498
3214,64,2.502,2.502
3216,64,2.498,2.498
3221,65,2.493,2.488
3222,65,2.488,2.483
3224,65,2.488,2.483
3225,65,2.488,2.488
3226,65,2.488,2.488
3228,65,2.488,2.483
3229,65,2.498,2.488
3231,65,2.498,2.493
3232,65,2.502,2.498
3233,65,2.502,2.498
3235,65,2.502,2.498
3239,65,2.498,2.493
3244,65,2.488,2.483
3245,65,2.493,2.483
3247,65,2.493,2.483
3248,65,2.493,2.488
3249,65,2.498,2.493
3251,65,2.502,2.498
3252,65,2.498,2.493
3253,65,2.507,2.502
3256,65,2.502,2.498
3257,65,2.498,2.493
3259,65,2.493,2.493
3260,65,2.493,2.493
3261,65,2.493,2.488
3266,64,2.493,2.483
3268,64,2.493,2.488
3269,64,2.498,2.493
3271,64,2.498,2.493
3272,64,2.507,2.498
3273,64,2.502,2.493
3275,64,2.502,2.502
3276,64,2.498,2.498
3277,64,2.502,2.498
3279,64,2.498,2.493
3283,64,2.493,2.483
3284,64,2.483,2.478
3289,66,2.502,2.493
3291,66,2.502,2.498
3292,66,2.498,2.498
3293,66,2.502,2.502
3295,66,2.502,2.498
3296,66,2.502,2.498
3299,66,2.502,2.493
3300,66,2.493,2.488
3301,66,2.493,2.488
3303,66,2.488,2.488
3304,66,2.483,2.483
3305,66,2.483,2.488
3307,66,2.488,2.488
3312,63,2.507,2.498
3313,63,2.502,2.498
3315,63,2.507,2.498
3316,63,2.502,2.498
3317,63,2.502,2.498
3319,63,2.498,2.493
3320,63,2.498,2.493
3321,63,2.488,2.483
3323,63,2.488,2.493
3324,63,2.483,2.478
3328,63,2.498,2.493
3333,63,2.507,2.502
3335,63,2.502,2.498
3336,63,2.502,2.498
3337,63,2.502,2.493
3339,63,2.498,2.493
3340,63,2.493,2.483
3350,63,2.498,2.488
3358,64,2.502,2.493
3359,64,2.498,2.493
3361,64,2.493,2.483
3362,64,2.493,2.483
3363,64,2.488,2.483
3365,64,2.493,2.483
3366,64,2.493,2.488
3368,64,2.493,2.488
3369,64,2.498,2.493
3370,64,2.498,2.493
3372,64,2.502,2.498
3373,64,2.502,2.498
3374,64,2.502,2.498
3380,62,2.493,2.493
3381,62,2.493,2.483
3382,62,2.488,2.488
3387,62,2.493,2.488
3389,62,2.498,2.493
3390,62,2.498,2.493
3392,62,2.502,2.502
3393,62,2.502,2.498
3394,62,2.502,2.498
3396,62,2.498,2.498
3397,62,2.498,2.493
3402,62,2.493,2.483
3403,62,2.488,2.483
3405,62,2.493,2.483
3406,62,2.493,2.493
3408,62,2.493,2.488
3409,62,2.498,2.488
3410,62,2.498,2.493
3412,62,2.502,2.498
3413,62,2.502,2.498
3414,62,2.502,2.493
3416,62,2.498,2.493
3417,62,2.498,2.493
3419,62,2.493,2.488
3424,66,2.488,2.483
3425,66,2.488,2.488
3427,66,2.493,2.488
3432,66,2.502,2.498
3433,66,2.502,2.493
3434,66,2.502,2.498
3436,66,2.502,2.498
3437,66,2.498,2.498
3438,66,2.502,2.488
3440,66,2.493,2.488
3441,66,2.493,2.483
3442,66,2.493,2.488
3448,65,2.493,2.488
3449,65,2.498,2.493
3450,65,2.498,2.493
3452,65,2.502,2.498
3453,65,2.498,2.498
3454,65,2.498,2.502
3456,65,2.502,2.498
3457,65,2.502,2.498
3459,65,2.493,2.493
3460,65,2.493,2.493
3461,65,2.483,2.483
3463,65,2.488,2.483
3464,65,2.488,2.478
3470,64,2.498,2.493
3472,64,2.502,2.498
3473,64,2.502,2.493
3477,64,2.498,2.493
3478,64,2.493,2.498
3480,64,2.493,2.488
3481,64,2.483,2.488
3482,64,2.488,2.488
3484,64,2.488,2.478
3485,64,2.488,2.483
3487,64,2.493,2.488
3488,64,2.493,2.493
3493,64,2.507,2.498
3494,64,2.507,2.498
3496,64,2.502,2.498
3497,64,2.498,2.498
3499,64,2.498,2.493
3500,64,2.488,2.488
3501,64,2.488,2.483
3503,64,2.488,2.488
3504,64,2.483,2.483
3505,64,2.488,2.488
3507,64,2.488,2.488
3508,64,2.498,2.493
3510,64,2.498,2.493
3516,62,2.502,2.498
3517,62,2.498,2.498
3521,62,2.488,2.483
3522,62,2.493,2.488
3524,62,2.488,2.483
3525,62,2.488,2.483
3527,62,2.493,2.488
3528,62,2.493,2.488
3529,62,2.493,2.493
3531,62,2.502,2.498
3532,62,2.502,2.502
3537,63,2.502,2.498
3546,63,2.488,2.483
3550,63,2.502,2.498
3552,63,2.502,2.498
3553,63,2.502,2.507
3555,63,2.498,2.498
3560,62,2.493,2.493
3562,62,2.483,2.483
3563,62,2.488,2.488
3565,62,2.483,2.483
3566,62,2.488,2.483
3567,62,2.493,2.488
3569,62,2.498,2.493
3570,62,2.502,2.493
3571,62,2.502,2.502
3573,62,2.502,2.502
3577,62,2.502,2.498
3578,62,2.498,2.493
3583,64,2.488,2.483
3585,64,2.488,2.488
3586,64,2.493,2.488
3587,64,2.493,2.488
3589,64,2.498,2.488
3590,64,2.502,2.498
3592,64,2.507,2.498
3593,64,2.502,2.502
3594,64,2.502,2.498
3596,64,2.502,2.498
3598,64,2.507,2.493
3599,64,2.493,2.488
3601,64,2.493,2.493
3606,62,2.493,2.483
3607,62,2.488,2.483
3609,62,2.493,2.493
3610,62,2.498,2.493
3611,62,2.502,2.502
3613,62,2.498,2.498
3614,62,2.507,2.502
3615,62,2.507,2.502
3617,62,2.502,2.498
3621,62,2.488,2.478
3622,62,2.493,2.488
3624,62,2.483,2.483
3629,62,2.493,2.488
3630,62,2.498,2.493
3631,62,2.507,2.502
3633,62,2.502,2.498
3634,62,2.507,2.502
3636,62,2.502,2.498
3637,62,2.502,2.502
3638,62,2.493,2.493
3641,62,2.498,2.493
3642,62,2.488,2.488
3643,62,2.488,2.483
3645,62,2.483,2.483
3646,62,2.488,2.483
3651,63,2.502,2.502
3653,63,2.502,2.498
3654,63,2.507,2.502
3655,63,2.502,2.498
3657,63,2.502,2.498
3658,63,2.502,2.493
3659,63,2.498,2.493
3661,63,2.493,2.483
3665,63,2.488,2.483
3666,63,2.488,2.483
3668,63,2.493,2.483
3673,61,2.502,2.498
3674,61,2.507,2.498
3675,61,2.502,2.498
3677,61,2.502,2.498
3678,61,2.498,2.493
3680,61,2.493,2.493
3681,61,2.488,2.488
3683,61,2.493,2.483
3685,61,2.483,2.478
3686,61,2.488,2.483
3687,61,2.488,2.483
3689,61,2.493,2.488
3690,61,2.498,2.493
3692,61,2.507,2.502
3697,62,2.502,2.498
3698,62,2.502,2.498
3699,62,2.493,2.493
3701,62,2.488,2.488
3702,62,2.493,2.483
3704,62,2.483,2.473
3705,62,2.488,2.483
3706,62,2.493,2.483
3710,62,2.498,2.498
3712,62,2.502,2.502
3713,62,2.507,2.502
3718,63,2.498,2.498
3720,63,2.493,2.493
3721,63,2.483,2.483
3722,63,2.493,2.483
3724,63,2.483,2.478
3726,63,2.488,2.488
3727,63,2.488,2.483
3729,63,2.493,2.483
3730,63,2.493,2.493
3743,63,2.488,2.483
3747,63,2.488,2.483
3748,63,2.498,2.493
3750,63,2.498,2.493
3751,63,2.502,2.498
3752,63,2.502,2.498
3754,63,2.507,2.502
3755,63,2.502,2.498
3756,63,2.502,2.498
3758,63,2.498,2.493
3759,63,2.498,2.493
3764,64,2.488,2.483
3777,64,2.502,2.502
3779,64,2.498,2.493
3780,64,2.493,2.488
3782,64,2.483,2.478
3787,62,2.493,2.483
3788,62,2.493,2.488
3789,62,2.493,2.488
3791,62,2.502,2.498
3792,62,2.502,2.498
3793,62,2.507,2.502
3795,62,2.502,2.502
3796,62,2.502,2.498
3798,62,2.502,2.498
3799,62,2.493,2.493
3800,62,2.488,2.488
3802,62,2.488,2.483
3803,62,2.483,2.478
3804,62,2.488,2.483
3811,60,2.502,2.498
3812,60,2.507,2.502
3813,60,2.507,2.502
3815,60,2.507,2.502
3816,60,2.502,2.507
3817,60,2.507,2.498
3821,60,2.488,2.478
3823,60,2.488,2.488
3824,60,2.483,2.473
3826,60,2.488,2.483
3827,60,2.488,2.483
3832,61,2.502,2.498
3833,61,2.507,2.502
3835,61,2.502,2.502
3836,61,2.502,2.498
3838,61,2.502,2.493
3839,61,2.498,2.493
3840,61,2.488,2.488
3842,61,2.493,2.493
3843,61,2.483,2.478
3844,61,2.493,2.483
3846,61,2.488,2.483
3847,61,2.488,2.488
3849,61,2.493,2.488
3855,63,2.507,2.502
3856,63,2.507,2.502
3857,63,2.502,2.502
3859,63,2.498,2.488
3860,63,2.498,2.493
3861,63,2.488,2.478
3863,63,2.493,2.488
3867,63,2.488,2.483
3868,63,2.488,2.488
3870,63,2.498,2.493
3871,63,2.507,2.502
3872,63,2.498,2.498
3878,62,2.498,2.502
3879,62,2.498,2.498
3880,62,2.493,2.483
3882,62,2.493,2.483
3883,62,2.483,2.478
3884,62,2.488,2.483
3886,62,2.488,2.488
3887,62,2.493,2.483
3888,62,2.493,2.488
3890,62,2.498,2.493
3891,62,2.507,2.502
3893,62,2.507,2.498
3894,62,2.502,2.502
3900,65,2.498,2.493
3901,65,2.483,2.483
3903,65,2.493,2.483
3904,65,2.483,2.478
3906,65,2.488,2.483
3907,65,2.488,2.483
3911,65,2.507,2.498
3912,65,2.502,2.498
3914,65,2.512,2.507
3915,65,2.507,2.498
3916,65,2.507,2.498
3918,65,2.502,2.498
3923,65,2.488,2.478
3924,65,2.483,2.483
3926,65,2.493,2.483
3927,65,2.493,2.483
3928,65,2.493,2.493
3930,65,2.502,2.493
3931,65,2.507,2.502
3933,65,2.507,2.502
3934,65,2.512,2.502
3948,61,2.498,2.488
3952,61,2.507,2.498
3953,61,2.507,2.498
3954,61,2.507,2.502
3956,61,2.507,2.507
3957,61,2.507,2.502
3958,61,2.498,2.493
3960,61,2.498,2.493
3961,61,2.483,2.478
3963,61,2.488,2.488
3970,64,2.517,2.502
3972,64,2.502,2.498
3973,64,2.512,2.507
3974,64,2.502,2.502
3976,64,2.502,2.498
3977,64,2.502,2.502
3979,64,2.498,2.488
3980,64,2.493,2.483
3982,64,2.483,2.478
3984,64,2.483,2.478
3985,64,2.488,2.483
3990,65,2.502,2.493
3991,65,2.507,2.502
3993,65,2.507,2.498
3994,65,2.502,2.502
3996,65,2.502,2.498
3997,65,2.498,2.493
3998,65,2.493,2.493
4000,65,2.498,2.488
4001,65,2.483,2.483
4002,65,2.493,2.488
4004,65,2.488,2.483
4005,65,2.493,2.488
4007,65,2.493,2.488
4015,64,2.502,2.493
4016,64,2.502,2.498
4017,64,2.498,2.493
4019,64,2.498,2.493
4020,64,2.488,2.483
4021,64,2.488,2.483
4024,64,2.483,2.483
4025,64,2.493,2.483
4026,64,2.488,2.483
4028,64,2.493,2.493
4029,64,2.498,2.493
4031,64,2.498,2.493
4036,60,2.502,2.502
4037,60,2.498,2.498
4038,60,2.493,2.493
4040,60,2.493,2.493
4041,60,2.488,2.483
4043,60,2.493,2.488
4044,60,2.488,2.483
4045,60,2.493,2.488
4047,60,2.493,2.488
4048,60,2.498,2.493
4049,60,2.498,2.493
4051,60,2.507,2.498
4059,60,2.498,2.493
4060,60,2.493,2.488
4061,60,2.488,2.488
4063,60,2.483,2.483
4064,60,2.493,2.488
4065,60,2.483,2.483
4068,60,2.493,2.488
4069,60,2.498,2.488
4071,60,2.502,2.498
4072,60,2.507,2.498
4073,60,2.507,2.502
4075,60,2.498,2.498
4076,60,2.498,2.493
4081,63,2.483,2.483
4083,63,2.493,2.488
4084,63,2.483,2.483
4085,63,2.488,2.483
4087,63,2.493,2.483
4088,63,2.493,2.493
4089,63,2.498,2.493
4091,63,2.502,2.502
4092,63,2.502,2.498
4093,63,2.507,2.498
4095,63,2.498,2.498
4096,63,2.498,2.498
4104,60,2.493,2.488
4105,60,2.493,2.488
4107,60,2.498,2.488
4108,60,2.498,2.498
4111,60,2.498,2.498
4112,60,2.502,2.498
4113,60,2.502,2.498
4115,60,2.498,2.498
4116,60,2.498,2.493
4117,60,2.498,2.498
4119,60,2.493,2.493
4120,60,2.493,2.488
4122,60,2.488,2.483
4127,64,2.493,2.488
4128,64,2.498,2.493
4129,64,2.498,2.498
4131,64,2.507,2.498
4140,64,2.493,2.488
4144,64,2.493,2.488
4149,62,2.498,2.493
4150,62,2.502,2.502
4153,62,2.498,2.498
4154,62,2.502,2.498
4155,62,2.498,2.498
4159,62,2.493,2.488
4161,62,2.488,2.488
4162,62,2.493,2.488
4164,62,2.488,2.483
4165,62,2.493,2.488
4166,62,2.493,2.493
4171,62,2.502,2.498
4173,62,2.502,2.498
4174,62,2.502,2.502
4176,62,2.498,2.498
4177,62,2.502,2.498
4178,62,2.498,2.493
4180,62,2.498,2.493
4181,62,2.488,2.488
4182,62,2.493,2.488
4184,62,2.493,2.488
4185,62,2.493,2.488
4187,62,2.493,2.488
4188,62,2.498,2.493
4193,62,2.502,2.498
4195,62,2.498,2.493
4197,62,2.498,2.498
4198,62,2.498,2.493
4199,62,2.493,2.493
4204,62,2.493,2.483
4205,62,2.493,2.488
4206,62,2.493,2.493
4208,62,2.493,2.488
4209,62,2.498,2.493
4210,62,2.498,2.498
4212,62,2.498,2.498
4217,66,2.502,2.498
4218,66,2.493,2.493
4220,66,2.498,2.493
4221,66,2.488,2.488
4222,66,2.493,2.488
4224,66,2.493,2.488
4225,66,2.493,2.488
4227,66,2.493,2.488
4228,66,2.493,2.493
4229,66,2.498,2.493
4231,66,2.502,2.498
4232,66,2.502,2.498
4233,66,2.502,2.498
4239,61,2.498,2.493
4241,61,2.493,2.488
4242,61,2.493,2.493
4244,61,2.488,2.483
4245,61,2.493,2.488
4249,61,2.498,2.493
4250,61,2.502,2.493
4252,61,2.498,2.498
4253,61,2.507,2.498
4255,61,2.502,2.498
4256,61,2.502,2.498
4257,61,2.498,2.498
4262,61,2.493,2.488
4264,61,2.493,2.488
4265,61,2.493,2.488
4267,61,2.493,2.493
4268,61,2.498,2.493
4269,61,2.498,2.493
4271,61,2.502,2.498
4272,61,2.498,2.498
4273,61,2.502,2.498
4275,61,2.502,2.493
4276,61,2.498,2.498
4277,61,2.498,2.493
4280,61,2.493,2.493
4285,59,2.493,2.488
4286,59,2.493,2.488
4288,59,2.493,2.488
4289,59,2.498,2.493
4293,59,2.502,2.498
4295,59,2.502,2.498
4296,59,2.502,2.498
4297,59,2.502,2.493
4299,59,2.498,2.493
4300,59,2.493,2.493
4301,59,2.493,2.488
4306,68,2.493,2.493
4308,68,2.498,2.493
4309,68,2.498,2.493
4311,68,2.498,2.498
4312,68,2.498,2.493
4313,68,2.502,2.493
4315,68,2.498,2.498
4316,68,2.498,2.498
4317,68,2.498,2.493
4319,68,2.498,2.493
4320,68,2.493,2.488
4323,68,2.493,2.493
4324,68,2.493,2.483
4337,65,2.502,2.498
4341,65,2.493,2.488
4342,65,2.493,2.488
4343,65,2.493,2.483
4345,65,2.493,2.488
4353,64,2.502,2.498
4354,64,2.502,2.493
4355,64,2.498,2.498
4357,64,2.498,2.498
4358,64,2.498,2.498
4360,64,2.498,2.488
4361,64,2.493,2.488
4362,64,2.493,2.488
4364,64,2.493,2.488
4366,64,2.493,2.493
4367,64,2.493,2.493
4369,64,2.498,2.493
4370,64,2.498,2.493
4375,65,2.498,2.498
4377,65,2.498,2.498
4378,65,2.498,2.493
4379,65,2.498,2.493
4381,65,2.493,2.493
4382,65,2.493,2.488
4383,65,2.488,2.488
4385,65,2.493,2.488
4386,65,2.493,2.493
4388,65,2.498,2.493
4389,65,2.498,2.493
4397,63,2.502,2.498
4398,63,2.498,2.493
4400,63,2.498,2.493
4401,63,2.493,2.488
4402,63,2.493,2.488
4404,63,2.493,2.488
4405,63,2.493,2.493
4406,63,2.493,2.493
4409,63,2.498,2.493
4410,63,2.498,2.493
4412,63,2.502,2.498
4413,63,2.498,2.498
4414,63,2.502,2.498
4416,63,2.498,2.498
4421,62,2.493,2.493
4422,62,2.493,2.493
4423,62,2.488,2.493
4425,62,2.488,2.493
4426,62,2.483,2.498
4428,62,2.488,2.502
4429,62,2.488,2.502
4430,62,2.493,2.507
4432,62,2.493,2.507
4433,62,2.498,2.507
4437,62,2.488,2.502
4442,64,2.478,2.502
4444,64,2.478,2.507
4445,64,2.478,2.507
4446,64,2.478,2.507
4448,64,2.478,2.517
4449,64,2.483,2.517
4452,64,2.483,2.517
4453,64,2.483,2.517
4454,64,2.483,2.517
4456,64,2.483,2.517
4457,64,2.483,2.517
4458,64,2.478,2.512
4460,64,2.483,2.512
4461,64,2.478,2.507
4466,62,2.478,2.507
4468,62,2.483,2.507
4469,62,2.483,2.507
4470,62,2.483,2.512
4472,62,2.488,2.507
4473,62,2.493,2.507
4474,62,2.488,2.507
4476,62,2.488,2.507
4477,62,2.493,2.502
4479,62,2.488,2.498
4483,62,2.488,2.488
4488,58,2.493,2.493
4489,58,2.498,2.493
4490,58,2.498,2.498
4492,58,2.498,2.498
4494,58,2.498,2.498
4496,58,2.498,2.498
4497,58,2.502,2.498
4498,58,2.498,2.493
4500,58,2.498,2.493
4501,58,2.493,2.488
4502,58,2.493,2.488
4504,58,2.488,2.488
4505,58,2.493,2.488
4510,62,2.502,2.498
4512,62,2.498,2.498
4513,62,2.502,2.498
4514,62,2.502,2.498
4516,62,2.498,2.498
4517,62,2.498,2.493
4519,62,2.498,2.493
4520,62,2.493,2.488
4533,64,2.502,2.502
4538,64,2.498,2.493
4550,64,2.502,2.488
4551,64,2.507,2.493
4556,65,2.507,2.483
4558,65,2.507,2.483
4559,65,2.502,2.478
4560,65,2.502,2.473
4562,65,2.502,2.473
4563,65,2.502,2.458
4564,65,2.507,2.463
4566,65,2.512,2.458
4567,65,2.517,2.458
4569,65,2.522,2.458
4570,65,2.522,2.454
4571,65,2.527,2.454
4573,65,2.532,2.454
4579,64,2.537,2.439
4580,64,2.537,2.434
4581,64,2.532,2.429
4583,64,2.532,2.429
4584,64,2.532,2.424
4586,64,2.532,2.429
4587,64,2.532,2.429
4588,64,2.537,2.429
4590,64,2.537,2.429
4591,64,2.542,2.434
4595,64,2.542,2.439
4596,64,2.537,2.439
4602,63,2.532,2.434
4603,63,2.522,2.429
4604,63,2.532,2.434
4606,63,2.532,2.434
4607,63,2.532,2.434
4608,63,2.532,2.439
4610,63,2.537,2.439
4611,63,2.532,2.439
4612,63,2.537,2.444
4614,63,2.537,2.444
4615,63,2.537,2.444
4617,63,2.527,2.439
4618,63,2.527,2.444
4624,68,2.522,2.434
4625,68,2.517,2.444
4627,68,2.517,2.444
4628,68,2.517,2.454
4630,68,2.517,2.458
4631,68,2.522,2.468
4632,68,2.517,2.468
4634,68,2.517,2.483
4635,68,2.512,2.483
4639,68,2.498,2.493
4640,68,2.488,2.483
4642,68,2.498,2.488
4647,62,2.493,2.483
4648,62,2.498,2.483
4650,62,2.502,2.493
4651,62,2.502,2.493
4652,62,2.507,2.498
4654,62,2.502,2.498
4655,62,2.498,2.498
4657,62,2.498,2.498
4658,62,2.498,2.493
4659,62,2.493,2.488
4661,62,2.488,2.488
4662,62,2.488,2.483
4664,62,2.488,2.483
4669,65,2.498,2.493
4671,65,2.502,2.498
4672,65,2.498,2.493
4674,65,2.502,2.498
4675,65,2.502,2.493
4676,65,2.498,2.493
4678,65,2.493,2.493
4679,65,2.498,2.493
4683,65,2.483,2.483
4685,65,2.488,2.483
4686,65,2.488,2.488
4687,65,2.493,2.488
4692,66,2.502,2.502
4694,66,2.498,2.498
4695,66,2.498,2.498
4697,66,2.498,2.493
4698,66,2.493,2.493
4699,66,2.493,2.493
4701,66,2.488,2.488
4702,66,2.483,2.488
4703,66,2.483,2.488
4705,66,2.488,2.493
4707,66,2.488,2.493
4709,66,2.488,2.498
4710,66,2.488,2.502
4715,63,2.493,2.507
4716,63,2.493,2.507
4718,63,2.488,2.502
4719,63,2.488,2.502
4720,63,2.478,2.498
4722,63,2.483,2.498
4723,63,2.478,2.493
4725,63,2.478,2.498
4740,68,2.468,2.512
4744,68,2.468,2.512
4746,68,2.473,2.512
4747,68,2.473,2.517
4748,68,2.478,2.522
4751,68,2.483,2.527
4752,68,2.483,2.522
4753,68,2.488,2.527
4755,68,2.483,2.517
4760,64,2.478,2.512
4761,64,2.473,2.507
4763,64,2.473,2.507
4764,64,2.473,2.507
4765,64,2.473,2.512
4767,64,2.468,2.517
4768,64,2.473,2.517
4769,64,2.478,2.522
4771,64,2.483,2.527
4772,64,2.478,2.527
4773,64,2.483,2.532
4775,64,2.483,2.527
4776,64,2.483,2.527
4778,64,2.473,2.517
4783,64,2.468,2.507
4787,64,2.478,2.507
4788,64,2.483,2.512
4790,64,2.488,2.507
4792,64,2.488,2.507
4793,64,2.493,2.512
4795,64,2.493,2.507
4796,64,2.493,2.507
4797,64,2.498,2.502
4799,64,2.488,2.498
4800,64,2.488,2.493
4805,65,2.488,2.488
4807,65,2.488,2.488
4808,65,2.493,2.493
4809,65,2.498,2.493
4811,65,2.502,2.498
4812,65,2.502,2.498
4813,65,2.502,2.498
4815,65,2.502,2.498
4816,65,2.502,2.493
4818,65,2.493,2.488
4819,65,2.493,2.488
4820,65,2.488,2.483
4822,65,2.493,2.483
4827,66,2.493,2.488
4831,66,2.498,2.493
4832,66,2.502,2.502
4835,66,2.502,2.498
4836,66,2.502,2.498
4837,66,2.498,2.493
4839,66,2.498,2.493
4840,66,2.493,2.488
4841,66,2.493,2.488
4843,66,2.488,2.483
4844,66,2.493,2.483
4846,66,2.488,2.483
4851,66,2.507,2.498
4852,66,2.502,2.493
4853,66,2.502,2.498
4855,66,2.502,2.493
4856,66,2.502,2.488
4858,66,2.502,2.483
4859,66,2.498,2.483
4860,66,2.498,2.473
4862,66,2.498,2.478
4863,66,2.493,2.468
4864,66,2.498,2.468
4866,66,2.498,2.468
4867,66,2.507,2.473
4872,63,2.527,2.468
4876,63,2.527,2.444
4879,63,2.527,2.444
4880,63,2.532,2.434
4881,63,2.522,2.429
4883,63,2.527,2.424
4884,63,2.527,2.424
4886,63,2.537,2.424
4887,63,2.537,2.414
4888,63,2.537,2.414
4890,63,2.546,2.419
4891,63,2.556,2.419
4896,64,2.561,2.410
4897,64,2.561,2.405
4899,64,2.556,2.405
4900,64,2.546,2.395
4902,64,2.556,2.395
4903,64,2.546,2.390
4904,64,2.556,2.390
4906,64,2.551,2.390
4907,64,2.556,2.395
4908,64,2.556,2.395
4910,64,2.561,2.405
4911,64,2.556,2.410
4913,64,2.561,2.414
4921,66,2.532,2.424
4923,66,2.527,2.424
4924,66,2.522,2.429
4933,66,2.507,2.498
4941,66,2.483,2.488
4942,66,2.483,2.488
4944,66,2.483,2.488
4945,66,2.483,2.493
4946,66,2.483,2.493
4948,66,2.488,2.498
4949,66,2.488,2.502
4950,66,2.493,2.512
4952,66,2.493,2.507
4953,66,2.493,2.512
4955,66,2.488,2.517
4956,66,2.483,2.522
4957,66,2.478,2.517
4963,67,2.454,2.527
4965,67,2.454,2.532
4966,67,2.454,2.537
4967,67,2.444,2.546
4969,67,2.444,2.556
4970,67,2.454,2.566
4972,67,2.449,2.571
4973,67,2.444,2.576
4977,67,2.429,2.595
4978,67,2.424,2.600
4980,67,2.410,2.600
4981,67,2.410,2.605
4986,62,2.385,2.630
4988,62,2.390,2.644
4989,62,2.400,2.649
4990,62,2.385,2.654
4992,62,2.395,2.654
4993,62,2.400,2.659
4994,62,2.390,2.659
4996,62,2.380,2.659
4997,62,2.375,2.654
4999,62,2.375,2.654
5000,62,2.375,2.649
5001,62,2.380,2.654
5003,62,2.366,2.644
5009,65,2.380,2.649
5010,65,2.395,2.654
5012,65,2.400,2.649
5013,65,2.400,2.644
5014,65,2.400,2.639
5016,65,2.400,2.634
5017,65,2.410,2.630
5021,65,2.414,2.600
5022,65,2.414,2.590
5024,65,2.419,2.581
5025,65,2.419,2.576
5027,65,2.429,2.571
5032,60,2.458,2.556
5033,60,2.463,2.551
5034,60,2.468,2.542
5036,60,2.468,2.532
5037,60,2.468,2.522
5039,60,2.473,2.517
5040,60,2.473,2.507
5041,60,2.478,2.502
5043,60,2.478,2.493
5044,60,2.483,2.493
5045,60,2.488,2.488
5048,60,2.498,2.488
5049,60,2.493,2.488
5054,56,2.502,2.498
5056,56,2.502,2.498
5057,56,2.498,2.493
5058,56,2.493,2.488
5060,56,2.493,2.483
5061,56,2.493,2.483
5065,56,2.493,2.483
5067,56,2.493,2.483
5068,56,2.498,2.483
5069,56,2.498,2.488
5071,56,2.502,2.493
5076,55,2.507,2.483
5077,55,2.502,2.478
5078,55,2.502,2.478
5080,55,2.498,2.468
5081,55,2.507,2.468
5083,55,2.498,2.463
5084,55,2.507,2.458
5085,55,2.512,2.458
5087,55,2.517,2.458
5088,55,2.522,2.454
5089,55,2.527,2.449
5092,55,2.537,2.444
5093,55,2.546,2.444
5095,55,2.546,2.439
5100,62,2.561,2.395
5101,62,2.566,2.380
5102,62,2.571,2.366
5104,62,2.576,2.351
5105,62,2.595,2.346
5107,62,2.595,2.331
5111,62,2.649,2.297
5112,62,2.644,2.273
5113,62,2.669,2.258
5115,62,2.664,2.239
5116,62,2.698,2.219
5129,62,2.815,2.063
5134,62,2.849,2.028
5135,62,2.849,2.028
5137,62,2.854,2.009
5138,62,2.835,2.004
5139,62,2.849,2.004
5144,62,2.805,1.994
5146,62,2.840,2.014
5147,62,2.835,2.019
5149,62,2.796,2.033
5150,62,2.820,2.063
5151,62,2.786,2.067
5153,62,2.786,2.092
5154,62,2.781,2.111
5155,62,2.752,2.131
5157,62,2.722,2.155
5158,62,2.713,2.180
5159,62,2.693,2.209
5161,62,2.664,2.243
5169,68,2.542,2.429
5170,68,2.522,2.468
5171,68,2.502,2.498
5173,68,2.488,2.522
5174,68,2.473,2.537
5176,68,2.463,2.556
5178,68,2.444,2.566
5179,68,2.429,2.576
5181,68,2.405,2.590
5182,68,2.405,2.620
5183,68,2.380,2.639
5185,68,2.366,2.654
5190,72,2.326,2.752
5191,72,2.307,2.771
5193,72,2.307,2.796
5194,72,2.273,2.810
5195,72,2.273,2.835
5197,72,2.258,2.854
5198,72,2.219,2.864
5199,72,2.234,2.889
5201,72,2.209,2.903
5202,72,2.170,2.913
5203,72,2.185,2.933
5205,72,2.170,2.9475212,71,2.141,3.006
5216,71,2.126,3.001
5217,71,2.151,2.991
5220,71,2.131,2.981
5221,71,2.170,2.977
5222,71,2.170,2.972
5224,71,2.141,2.947
5225,71,2.195,2.952
5226,71,2.195,2.933
5228,71,2.209,2.928
5229,71,2.190,2.903
5231,71,2.229,2.893
5236,68,2.283,2.810
5237,68,2.292,2.776
5238,68,2.307,2.747
5240,68,2.322,2.713
5241,68,2.361,2.688
5243,68,2.366,2.649
5244,68,2.390,2.615
5245,68,2.414,2.590
5247,68,2.444,2.561
5248,68,2.463,2.537
5249,68,2.483,2.517
5251,68,2.502,2.488
5252,68,2.522,2.473
5260,57,2.561,2.390
5262,57,2.556,2.380
5264,57,2.551,2.385
5265,57,2.556,2.390
5266,57,2.556,2.395
5268,57,2.556,2.410
5269,57,2.546,2.419
5270,57,2.542,2.439
5272,57,2.532,2.454
5273,57,2.522,2.468
5275,57,2.512,2.483
5280,52,2.478,2.502
5281,52,2.468,2.517
5282,52,2.463,2.517
5284,52,2.458,2.532
5285,52,2.458,2.537
5287,52,2.454,2.542
5288,52,2.449,2.546
5289,52,2.449,2.556
5291,52,2.454,2.566
5292,52,2.449,2.576
5293,52,2.444,2.571
5295,52,2.449,2.576
5296,52,2.439,2.576
5313,52,2.561,2.424
5314,52,2.571,2.390
5316,52,2.595,2.361
5317,52,2.620,2.322
5318,52,2.630,2.283
5320,52,2.654,2.239
5325,59,2.776,2.097
5326,59,2.791,2.048
5329,59,2.898,1.945
5331,59,2.928,1.921
5332,59,2.947,1.891
5334,59,2.962,1.852
5335,59,2.991,1.808
5336,59,2.981,1.755
5338,59,3.055,1.745
5339,59,3.055,1.716
5340,59,3.065,1.676
5342,59,3.030,1.637
5343,59,3.099,1.642
5349,61,3.138,1.613
5350,61,3.148,1.623
5352,61,3.128,1.618
5353,61,3.133,1.637
5355,61,3.055,1.623
5356,61,3.050,1.637
5360,61,3.016,1.706
5361,61,2.986,1.740
5363,61,2.996,1.784
5364,61,2.913,1.813
5365,61,2.884,1.862
5371,73,2.796,2.077
5372,73,2.752,2.136
5373,73,2.727,2.199
5375,73,2.669,2.253
5376,73,2.620,2.312
5377,73,2.571,2.380
5379,73,2.527,2.444
5380,73,2.468,2.502
5381,73,2.434,2.556
5383,73,2.400,2.600
5384,73,2.366,2.664
5386,73,2.326,2.722
5387,73,2.302,2.781
5388,73,2.258,2.835
5394,74,2.107,3.050
5396,74,2.111,3.109
5397,74,2.063,3.148
5398,74,1.989,3.187
5400,74,1.989,3.236
5404,74,1.911,3.368
5405,74,1.857,3.382
5407,74,1.799,3.412
5408,74,1.828,3.456
5409,74,1.813,3.475
5411,74,1.789,3.480
5416,73,1.794,3.495
5417,73,1.755,3.470
5419,73,1.769,3.460
5420,73,1.789,3.431
5421,73,1.891,3.412
5423,73,1.838,3.358
5424,73,1.887,3.319
5425,73,1.906,3.260
5427,73,1.960,3.211
5428,73,2.028,3.148
5429,73,2.102,3.084
5432,73,2.151,3.006
5433,73,2.219,2.942
5438,65,2.414,2.615
5440,65,2.458,2.527
5441,65,2.512,2.449
5442,65,2.561,2.375
5444,65,2.600,2.312
5448,65,2.693,2.175
5449,65,2.722,2.155
5451,65,2.761,2.146
5452,65,2.757,2.131
5453,65,2.752,2.126
5455,65,2.757,2.126
5456,65,2.757,2.141
5461,51,2.683,2.219
5463,51,2.644,2.243
5464,51,2.634,2.287
5465,51,2.610,2.322
5467,51,2.581,2.370
5468,51,2.556,2.410
5469,51,2.532,2.458
5471,51,2.498,2.498
5472,51,2.483,2.532
5473,51,2.458,2.556
5476,51,2.439,2.581
5477,51,2.424,2.600
5479,51,2.395,2.630
5484,46,2.341,2.713
5485,46,2.331,2.732
5486,46,2.307,2.737
5488,46,2.297,2.757
5489,46,2.297,2.771
5493,46,2.297,2.791
5495,46,2.292,2.766
5496,46,2.297,2.776
5497,46,2.312,2.766
5499,46,2.302,2.747
5500,46,2.312,2.722
5501,46,2.341,2.703
5506,49,2.429,2.586
5508,49,2.458,2.546
5509,49,2.493,2.507
5520,49,2.703,2.170
5523,49,2.786,2.053
5525,49,2.801,2.019
5530,56,2.869,1.921
5531,56,2.913,1.916
5533,56,2.918,1.896
5534,56,2.942,1.891
5535,56,2.918,1.872
5537,56,2.957,1.867
5538,56,2.933,1.862
5539,56,2.952,1.857
5541,56,2.928,1.857
5542,56,2.918,1.862
5543,56,2.923,1.877
5551,66,2.859,1.994
5553,66,2.825,2.014
5554,66,2.810,2.038
5555,66,2.815,2.067
5557,66,2.757,2.082
5558,66,2.742,2.111
5560,66,2.722,2.131
5562,66,2.693,2.170
5563,66,2.674,2.190
5565,66,2.678,2.229
5566,66,2.649,2.258
5567,66,2.630,2.292
5569,66,2.610,2.322
5570,66,2.595,2.366
5575,70,2.507,2.493
5576,70,2.488,2.522
5578,70,2.463,2.537
5579,70,2.444,2.551
5581,70,2.429,2.561
5582,70,2.414,2.571
5583,70,2.410,2.595
5585,70,2.405,2.615
5586,70,2.395,2.634
5587,70,2.380,2.649
5589,70,2.375,2.669
5597,70,2.297,2.747
5598,70,2.292,2.761
5599,70,2.278,2.766
5601,70,2.278,2.781
5603,70,2.268,2.791
5605,70,2.253,2.801
5606,70,2.258,2.810
5607,70,2.243,2.825
5609,70,2.263,2.840
5610,70,2.248,2.859
5611,70,2.248,2.864
5613,70,2.224,2.884
5614,70,2.239,2.889
5619,68,2.204,2.898
5621,68,2.199,2.864
5622,68,2.190,2.898
5623,68,2.190,2.903
5625,68,2.180,2.903
5626,68,2.185,2.903
5627,68,2.185,2.903
5629,68,2.224,2.918
5630,68,2.204,2.913
5632,68,2.224,2.913
5633,68,2.199,2.903
5637,68,2.234,2.884
5642,69,2.229,2.825
5644,69,2.253,2.815
5646,69,2.273,2.801
5647,69,2.297,2.796
5649,69,2.283,2.771
5650,69,2.307,2.761
5651,69,2.322,2.742
5653,69,2.356,2.732
5654,69,2.346,2.713
5655,69,2.366,2.693
5657,69,2.380,2.669
5658,69,2.385,2.644
5660,69,2.405,2.615
5665,61,2.439,2.571
5666,61,2.449,2.551
5667,61,2.454,2.546
5669,61,2.463,2.537
5670,61,2.473,2.537
5671,61,2.478,2.532
5673,61,2.483,2.522
5674,61,2.488,2.517
5676,61,2.488,2.512
5677,61,2.488,2.502
5681,61,2.483,2.488
5682,61,2.483,2.483
5689,56,2.498,2.493
5690,56,2.502,2.498
5691,56,2.498,2.493
5693,56,2.502,2.502
5694,56,2.502,2.498
5695,56,2.498,2.493
5697,56,2.502,2.498
5698,56,2.498,2.493
5700,56,2.493,2.483
5701,56,2.493,2.483
5702,56,2.488,2.478
5715,60,2.517,2.478
5719,60,2.507,2.454
5720,60,2.512,2.449
5722,60,2.517,2.439
5723,60,2.522,2.434
5724,60,2.527,2.429
5726,60,2.537,2.424
5727,60,2.537,2.419
5733,61,2.581,2.385
5735,61,2.586,2.370
5736,61,2.595,2.356
5737,61,2.600,2.336
5742,61,2.630,2.287
5743,61,2.630,2.258
5744,61,2.664,2.248
5746,61,2.678,2.229
5747,61,2.688,2.209
5748,61,2.693,2.190
5750,61,2.737,2.185
5755,60,2.776,2.092
5756,60,2.801,2.077
5758,60,2.786,2.043
5759,60,2.801,2.014
5760,60,2.815,1.999
5762,60,2.815,1.975
5763,60,2.835,1.965
5764,60,2.879,1.950
5766,60,2.874,1.935
5767,60,2.869,1.921
5768,60,2.893,1.911
5770,60,2.933,1.916
5771,60,2.889,1.891
5774,60,2.942,1.896
5779,64,2.923,1.882
5780,64,2.923,1.882
5781,64,2.913,1.901
5785,64,2.864,1.931
5787,64,2.874,1.960
5788,64,2.825,1.975
5790,64,2.830,2.009
5791,64,2.820,2.028
5792,64,2.796,2.058
5794,64,2.781,2.082
5795,64,2.757,2.111
5800,73,2.649,2.229
5801,73,2.639,2.278
5803,73,2.595,2.312
5804,73,2.576,2.366
5806,73,2.546,2.414
5807,73,2.507,2.463
5808,73,2.483,2.517
5810,73,2.468,2.556
5811,73,2.439,2.586
5812,73,2.424,2.620
5814,73,2.390,2.649
5816,73,2.370,2.683
5818,73,2.346,2.713
5819,73,2.307,2.747
5824,75,2.229,2.889
5825,75,2.170,2.923
5827,75,2.165,2.977
5831,75,2.082,3.074
5832,75,2.097,3.118
5834,75,2.033,3.143
5835,75,2.028,3.177
5836,75,2.023,3.196
5838,75,1.950,3.211
5839,75,1.984,3.240
5840,75,1.950,3.250
5845,71,1.950,3.280
5847,71,1.940,3.280
5848,71,1.931,3.270
5850,71,1.999,3.275
5851,71,1.950,3.240
5852,71,2.009,3.226
5854,71,1.984,3.192
5855,71,2.004,3.152
5856,71,2.033,3.123
5859,71,2.067,3.079
5860,71,2.116,3.035
5861,71,2.136,2.977
5863,71,2.175,2.908
5864,71,2.219,2.849
5869,63,2.419,2.615
5871,63,,2.546
5877,63,2.649,2.283
5879,63,2.669,2.243
5880,63,2.688,2.204
5881,63,2.688,2.185
5883,63,2.713,2.170
5884,63,2.713,2.155
5886,63,2.722,2.155
5891,49,2.713,2.199
5892,49,2.713,2.224
5893,49,2.688,2.243
5895,49,2.674,2.268
5896,49,2.639,2.287
5897,49,2.620,2.322
5899,49,2.586,2.346
5900,49,2.566,2.385
5904,49,2.502,2.468
5906,49,2.478,2.507
5907,49,2.463,2.537
5909,49,2.444,2.566
5914,43,2.390,2.664
5915,43,2.375,2.693
5916,43,2.351,2.713
5918,43,2.341,2.727
5919,43,2.307,2.737
,43,2.297,2.757
5927,43,2.283,2.791
5929,43,2.307,2.781
5930,43,2.317,2.776
5931,43,2.322,2.752
5936,45,2.380,2.644
5938,45,2.419,2.605
5939,45,2.444,2.546
5940,45,2.483,2.502
5942,45,2.517,2.439
5944,45,2.561,2.380
5946,45,2.600,2.322
5947,45,2.639,2.258
5948,45,2.698,2.199
5950,45,2.732,2.141
5951,45,2.810,2.082
5952,45,2.849,2.023
5954,45,2.869,1.955
5959,58,3.016,1.755
5960,58,3.006,1.701
5962,58,3.040,1.667
5963,58,3.089,1.628
5964,58,3.133,1.608
5966,58,3.104,1.579
5967,58,,1.569
5973,58,3.216,1.505
5975,58,3.221,1.525
5976,58,3.152,1.500
5981,67,3.104,1.549
5983,67,3.113,1.579
5984,67,3.133,1.618
5985,67,3.079,1.632
5988,67,3.094,1.681
5989,67,3.050,1.720
5990,67,3.001,1.750
5992,67,2.952,1.799
5993,67,2.947,1.852
5995,67,2.913,1.911
5996,67,2.859,1.955
5997,67,2.835,2.014
5999,67,2.771,2.072
6004,75,2.600,2.326
6005,75,2.546,2.405
6006,75,2.502,2.478
6008,75,2.458,2.546
6009,75,2.429,2.615
6011,75,2.375,2.669
6012,75,2.361,2.737
6013,75,2.312,2.801
601575,2.273,2.854
6021,75,2.014,3.113
6026,79,1.935,3.338
6028,79,1.818,3.377
6030,79,1.828,3.451
6031,79,1.808,3.495
6033,79,1.779,3.553
6034,79,1.764,3.578
6035,79,1.672,3.592
6037,79,1.676,3.622
6038,79,1.647,3.651
6040,79,1.623,3.656
6041,79,1.642,3.675
6042,79,1.628,3.656
6044,79,1.647,3.646
6045,79,1.632,3.617
6050,75,1.813,3.495
6051,75,1.872,3.421
6053,75,1.867,3.338
6054,75,1.955,3.265
6056,75,2.033,3.172
6057,75,2.063,3.065
6058,75,2.170,2.962
6060,75,2.224,2.845
6061,75,2.3072.727
6080,60,2.928,1.857
6082,60,2.908,1.882
6083,60,2.864,1.891
6084,60,2.854,1.931
6086,60,2.835,1.975
6087,60,2.815,2.023
6088,60,2.796,2.077
6090,60,2.766,2.146
6095,45,2.581,2.370
6096,45,2.537,2.439
6098,45,2.483,2.507
6099,45,2.439,2.561
6100,45,2.410,2.615
6102,45,2.356,2.664
6103,45,2.322,2.717
6105,45,2.297,2.776
6106,45,2.263,2.830
6109,45,2.160,2.962
6111,45,2.141,2.986
6112,45,2.111,3.025
6118,38,2.092,3.104
6119,38,2.067,3.089
6121,38,2.048,3.079
6122,38,2.092,3.060
,38,2.102,3.021
6130,38,2.351,2.698
6131,38,2.434,2.595
6133,38,2.517,2.478
6134,38,2.600,2.351
6135,38,2.683,2.229
6141,52,2.952,1.784
6142,52,3.065,1.686
6143,52,3.055,1.588
6145,52,3.118,1.505
6146,52,3.196,1.447
6147,52,3.260,1.403
6149,52,3.304,1.349
6150,52,3.358,1.295
6151,52,3.470,1.295
6153,52,3.583,1.285
6154,52,3.651,1.290
6155,52,3.548,1.256
6158,52,3.553,1.251
6163,61,3.480,1.276
6164,61,3.377,1.266
6166,61,3.353,1.290
6167,61,3.299,1.320
6168,61,3.240,1.369
6170,61,3.2161.427
6176,61,3.001,1.711
6178,61,2.977,1.789
6179,61,2.874,1.891
6180,61,2.781,2.038
6185,74,2.483,2.498
6187,74,2.429,2.595
6188,74,2.390,2.649
6190,74,2.351,2.717
6191,74,2.326,2.766
6192,74,2.273,2.820
6194,74,2.248,2.874
6195,74,2.199,2.928
6196,74,2.155,2.986
6198,74,2.082,3.040
6200,74,2.023,3.079
6202,74,2.014,3.099
6203,74,1.994,3.211
6208,81,1.828,3.368
6209,81,1.887,3.446
6211,81,1.799,3.456
6212,81,1.760,3.500
6213,81,1.764,3.534
6215,81,1.764,3.563
6216,81,1.735,3.573
,81,1.740,3.592
6224,81,1.711,3.587
6225,81,1.764,3.597
6231,71,1.779,3.500
6232,71,1.828,3.480
6233,71,1.848,3.421
6235,71,1.877,3.382
6236,71,1.955,3.319
6237,71,1.950,3.240
6239,71,2.004,3.172
6240,71,2.087,3.109
6241,71,2.107,3.006
6244,71,2.195,2.928
6245,71,2.263,2.835
6247,71,2.312,2.742
6248,71,2.385,2.654
6253,61,2.610,2.346
6254,61,2.639,2.273
6256,61,2.688,2.214
6257,61,2.722,2.165
6259,61,2.732,2.121
6260,61,2.747,2.087
6261,61,2.781,2.087
6263,61,2.757,2.067
6264,61,2.7862.067
6271,61,2.717,2.170
6276,47,2.615,2.317
6277,47,2.586,2.356
6278,47,2.556,2.395
6280,47,2.522,2.439
6281,47,2.488,2.483
6283,47,2.458,2.527
6284,47,2.439,2.556
6286,47,2.419,2.590
6288,47,2.400,2.625
6289,47,2.375,2.659
6290,47,2.361,2.698
6292,47,2.346,2.732
6293,47,2.322,2.757
6298,44,2.263,2.825
6300,44,2.248,2.835
6301,44,2.248,2.845
6302,44,2.234,2.835
6304,44,2.229,2.835
6307,44,2.268,2.830
6308,44,2.278,2.796
6310,44,2.317,2.776
6311,44,2.336,2.742
6312,44,2.366,2.708
,44,2.380,2.659
6324,51,2.678,2.219
6325,51,2.717,2.160
6328,51,2.757,2.107
6329,51,2.796,2.063
6331,51,2.845,2.014
6332,51,2.893,1.979
6333,51,2.884,1.921
6335,51,2.908,1.896
6336,51,2.933,1.862
6337,51,2.952,1.833
6339,51,2.986,1.828
6344,60,2.942,1.769
6345,60,3.006,1.789
6347,60,3.006,1.794
6348,60,2.996,1.794
6349,60,3.001,1.823
6351,60,2.986,1.833
6352,60,2.942,1.857
6353,60,2.923,1.877
6355,60,2.933,1.911
6356,60,2.913,1.935
6357,60,2.849,1.950
6359,60,2.835,1.970
6360,60,2.845,2.014
6368,68,2.698,2.199
6369,68,2.674,2.248
6372,68,2.649,2.287
6373,68,2.630,2.331
6374,68,2.590,2.361
6376,68,2.571,2.410
6377,68,2.537,2.434
6379,68,2.502,2.478
6380,68,2.468,2.502
6381,68,2.458,2.527
6383,68,2.439,2.546
6384,68,2.424,2.561
6389,73,2.390,2.669
6391,73,2.366,2.683
6392,73,2.361,2.717
6393,73,2.336,2.732
6395,73,2.336,2.752
6396,73,2.307,2.757
6397,73,2.287,2.776
6399,73,2.283,2.781
6400,73,2.253,2.796
6401,73,2.268,2.810
6403,73,2.258,2.830
6404,73,2.234,2.845
6406,73,2.214,2.849
6414,69,2.204,2.913
6416,69,2.204,2.913
6417,69,2.175,2.908
6418,69,2.199,2.918
6420,69,2.199,2.903
6421,69,2.199,2.913
6423,69,2.190,2.908
6424,69,2.204,2.913
6425,69,2.195,2.913
6427,69,2.185,2.908
6428,69,2.224,2.918
6429,69,2.199,2.913
6435,69,2.209,2.884
6436,69,2.234,2.874
6437,69,2.234,2.859
6439,69,2.253,2.849
6440,69,2.253,2.830
6441,69,2.248,2.810
6443,69,2.258,2.801
6444,69,2.258,2.791
6445,69,2.287,2.786
6447,69,2.307,2.771
6448,69,2.297,2.761
6450,69,,2.752
6461,64,2.380,2.644
6462,64,2.375,2.625
6464,64,2.395,2.620
6465,64,2.395,2.610
6466,64,2.419,2.605
6468,64,2.419,2.590
6469,64,2.429,2.590
6471,64,2.439,2.576
6472,64,2.454,2.576
6473,64,2.458,2.566
6475,64,2.463,2.551
6480,59,2.463,2.512
6481,59,2.473,2.502
6482,59,2.478,2.498
6484,59,2.483,2.498
6485,59,2.483,2.488
6487,59,2.493,2.488
6488,59,2.498,2.488
6489,59,2.507,2.493
6491,59,2.507,2.493
6492,59,2.507,2.488
6495,59,2.498,2.483
6497,59,2.498,2.483
6503,57,2.498,2.468
,57,2.502,2.463
6511,57,2.517,2.468
6512,57,2.527,2.478
6514,57,2.517,2.468
6515,57,2.522,2.468
6516,57,2.517,2.458
6518,57,2.517,2.454
6519,57,2.512,2.444
6524,62,2.522,2.439
6526,62,2.527,2.439
6527,62,2.532,2.434
6528,62,2.537,2.434
6530,62,2.546,2.434
6531,62,2.551,2.429
6532,62,2.551,2.424
6534,62,2.546,2.414
6535,62,2.561,2.410
6536,62,2.561,2.400
6538,62,2.561,2.390
6539,62,2.561,2.380
6542,62,2.561,2.375
6543,62,2.561,2.366
6548,63,2.595,2.346
6549,63,2.615,2.346
6551,63,2.610,2.341
6555,63,2.630,2.322
6556,63,2.625,2.307
6558,63,2.620,2.297
6559,63,2.620,2.287
6560,63,2.630,2.278
6562,63,2.620,2.268
6563,63,2.639,2.268
6564,63,2.649,2.268
6570,62,2.659,2.268
6571,62,2.664,2.273
6572,62,2.669,2.268
6574,62,2.674,2.268
6575,62,2.664,2.263
6576,62,2.654,2.263
6578,62,2.659,2.263
6579,62,2.649,2.263
6581,62,2.649,2.268
6582,62,2.634,2.263
6584,62,2.620,2.273
6586,62,2.610,2.283
6587,62,2.634,2.297
6588,62,2.620,2.312
6593,66,2.610,2.356
6595,66,2.595,2.366,66,2.566,2.380
6605,66,2.507,2.454
6606,66,2.502,2.478
6607,66,2.493,2.498
6609,66,2.493,2.512
6610,66,2.483,2.517
6615,69,2.478,2.527
6617,69,2.468,2.532
6618,69,2.458,2.537
6619,69,2.444,2.542
6621,69,2.434,2.556
6622,69,2.429,2.561
6623,69,2.419,2.576
6625,69,2.419,2.586
6627,69,2.419,2.600
6629,69,2.405,2.610
6630,69,2.414,2.625
6631,69,2.405,2.634
6633,69,2.405,2.649
6638,68,2.380,2.664
6639,68,2.356,2.664
6640,68,2.356,2.674
6642,68,2.346,2.678
6643,68,2.346,2.688
6645,68,2.3412.674
6651,68,2.346,2.717
6653,68,2.346,2.717
6654,68,2.336,2.713
6655,68,2.351,2.713
6660,65,2.351,2.693
6662,65,2.336,2.678
6663,65,2.356,2.683
6664,65,2.356,2.678
6666,65,2.356,2.674
6667,65,2.361,2.669
6670,65,2.375,2.659
6671,65,2.390,2.664
6672,65,2.400,2.659
6674,65,2.395,2.654
6675,65,2.405,2.644
6676,65,2.395,2.625
6678,65,2.405,2.620
6683,64,2.419,2.590
6684,64,2.419,2.576
6686,64,2.424,2.576
6687,64,2.434,2.571
6688,64,2.444,2.571
6690,64,2.454,2.566
6693,64,2.458,2.556
,64,2.463,2.546
6701,64,2.463,2.512
6706,61,2.483,2.507
6707,61,2.488,2.502
6709,61,2.498,2.507
6710,61,2.498,2.502
6712,61,2.502,2.502
6714,61,2.502,2.498
6715,61,2.498,2.498
6717,61,2.498,2.493
6718,61,2.498,2.488
6719,61,2.488,2.483
6721,61,2.493,2.483
6722,61,2.488,2.478
6723,61,2.493,2.478
6728,56,2.507,2.478
6730,56,2.512,2.478
6731,56,2.522,2.478
6733,56,2.517,2.473
6734,56,2.517,2.463
6735,56,2.522,2.458
6737,56,2.522,2.454
6738,56,2.522,2.439
6739,56,2.522,2.429
6741,56,2.522,2.419
6745,56,2.546,2.405
6750,60,2.576,2.375
6751,60,2.600,2.375
6753,60,2.600,2.356
6755,60,2.615,2.341
6756,60,2.610,2.322
6758,60,2.620,2.307
6759,60,2.620,2.292
6761,60,2.634,2.283
6762,60,2.639,2.258
6763,60,2.654,2.248
6765,60,2.669,2.234
6766,60,2.674,2.219
6767,60,2.674,2.204
6769,60,2.708,2.195
6774,62,2.761,2.146
6775,62,2.742,2.126
6777,62,2.761,2.141
6778,62,2.766,2.111
6779,62,2.766,2.092
6781,62,2.757,2.082
6782,62,2.761,2.072
6783,62,2.766,2.082
6785,62,2.771,2.097
,62,2.771,2.087
6798,69,2.708,2.170
6799,69,2.703,2.195
6800,69,2.693,2.214
6802,69,2.664,2.239
6803,69,2.630,2.263
6804,69,2.620,2.297
6806,69,2.600,2.331
6807,69,2.576,2.366
6808,69,2.561,2.410
6810,69,2.537,2.449
6811,69,2.517,2.488
6813,69,2.488,2.517
6814,69,2.463,2.537
6819,68,2.400,2.620
6820,68,2.370,2.649
6822,68,2.346,2.669
6823,68,2.326,2.708
6825,68,2.326,2.737
6826,68,2.302,2.776
6827,68,2.287,2.801
6829,68,2.263,2.835
6830,68,2.248,2.864
6831,68,2.243,2.898
6833,68,,2.908
6852,68,2.165,2.986
6853,68,2.180,2.962
6855,68,2.185,2.937
6856,68,2.209,2.913
6857,68,2.204,2.884
6859,68,2.224,2.845
6864,63,2.331,2.717
6865,63,2.356,2.678
6867,63,2.390,2.649
6868,63,2.414,2.610
6869,63,2.439,2.571
6871,63,2.478,2.542
6872,63,2.493,2.507
6874,63,2.512,2.468
6875,63,2.532,2.444
6876,63,2.546,2.419
6878,63,2.556,2.390
6879,63,2.561,2.370
6880,63,2.576,2.361
6883,63,2.576,2.351
6888,53,2.586,2.361
6889,53,2.581,2.375
6891,53,2.571,2.400
6892,53,2.566,2.410
689353,2.551,2.429
6911,48,2.424,2.620
6915,48,2.405,2.610
6917,48,2.410,2.610
6918,48,2.414,2.595
6919,48,2.424,2.586
6921,48,2.429,2.561
6922,48,2.444,2.546
6923,48,2.463,2.522
6926,48,2.483,2.488
6927,48,2.512,2.458
6932,54,2.630,2.317
6934,54,2.654,2.258
6935,54,2.698,2.209
6936,54,2.722,2.151
6938,54,2.742,2.092
6939,54,2.791,2.038
6941,54,2.830,1.994
6942,54,2.869,1.945
6943,54,2.884,1.896
6945,54,2.898,1.848
6946,54,2.967,1.823
6947,54,2.977,1.784
6949,54,3.035,1.760
6950,54,3.016,1.725
6958,60,3.035,1.628
6959,60,3.060,1.632
6961,60,3.074,1.632
6962,60,3.055,1.647
6963,60,3.089,1.672
6965,60,3.069,1.676
6966,60,3.006,1.676
6968,60,3.040,1.716
6970,60,3.045,1.745
6971,60,2.967,1.769
6972,60,2.967,1.813
6978,67,2.884,1.955
6979,67,2.835,2.004
6980,67,2.805,2.048
6982,67,2.742,2.092
6983,67,2.693,2.151
6984,67,2.688,2.219
6986,67,2.634,2.278
6987,67,2.600,2.346
6988,67,2.556,2.414
6990,67,2.507,2.478
6991,67,2.468,2.551
6993,67,2.429,2.595
6994,67,2.400,2.639
,73,2.253,2.801
7006,73,2.126,3.060
7007,73,2.082,3.089
7008,73,2.028,3.123
7011,73,1.994,3.157
7012,73,1.994,3.196
7014,73,1.979,3.172
7015,73,1.955,3.260
7016,73,1.926,3.275
7018,73,1.931,3.289
7023,75,1.896,3.353
7024,75,1.882,3.353
7025,75,1.887,3.358
7027,75,1.867,3.353
7028,75,1.862,3.343
7030,75,1.872,3.324
7031,75,1.935,3.319
7032,75,1.960,3.284
7034,75,1.989,3.260
7035,75,2.009,3.231
7036,75,2.033,3.177
7038,75,2.023,3.123
7039,75,2.058,3.069
7044,69,2.214,2.849
7046,69,,2.796
7052,69,2.488,2.512
7054,69,2.522,2.458
7056,69,2.551,2.410
7057,69,2.581,2.370
7059,69,2.600,2.331
7060,69,2.610,2.307
7061,69,2.620,2.287
7063,69,2.630,2.278
7068,57,2.625,2.307
7069,57,2.610,2.331
7071,57,2.595,2.351
7072,57,2.590,2.380
7073,57,2.566,2.400
7075,57,2.546,2.424
7076,57,2.522,2.454
7077,57,2.502,2.478
7079,57,2.473,2.498
7080,57,2.463,2.517
7081,57,2.444,2.532
7083,57,2.439,2.546
7084,57,2.424,2.566
7086,57,2.424,2.581
7091,49,2.400,2.644
7092,49,2.390,2.649
709349,2.380,2.654
7101,49,2.385,2.620
7102,49,2.395,2.610
7106,49,2.429,2.571
7107,49,2.454,2.546
7108,49,2.478,2.522
7114,52,2.561,2.414
7115,52,2.581,2.380
7116,52,2.605,2.341
7118,52,2.625,2.302
7119,52,2.634,2.263
7120,52,2.669,2.229
7122,52,2.674,2.190
7123,52,2.703,2.160
7124,52,2.742,2.136
7126,52,2.766,2.111
7127,52,2.761,2.072
7129,52,2.820,2.067
7130,52,2.835,2.043
7135,62,2.869,1.975
7136,62,2.835,1.945
7139,62,2.889,1.940
7140,62,2.849,1.931
7141,62,2.864,1.916
7143,62,2.8691.921
7149,62,2.884,1.975
7151,62,2.874,1.994
7152,62,2.815,2.004
7154,62,2.825,2.033
7159,70,2.713,2.121
7160,70,2.717,2.151
7161,70,2.713,2.175
7163,70,2.664,2.195
7164,70,2.674,2.224
7165,70,2.654,2.258
7167,70,2.644,2.287
7168,70,2.625,2.326
7170,70,2.595,2.351
7171,70,2.581,2.390
7172,70,2.556,2.414
7174,70,2.537,2.444
7175,70,2.517,2.478
7180,70,2.444,2.542
7183,70,2.434,2.561
7184,70,2.424,2.576
7185,70,2.414,2.595
7187,70,2.405,2.620
7188,70,2.400,2.639
7189,70,2.385,2.659
,70,2.380,2.678
7197,70,2.322,2.742
7199,70,2.292,2.742
7204,70,2.273,2.791
7205,70,2.278,2.805
7207,70,2.278,2.815
7208,70,2.263,2.830
7209,70,2.263,2.845
7211,70,2.253,2.859
7212,70,2.239,2.859
7213,70,2.229,2.859
7215,70,2.219,2.869
7216,70,2.224,2.874
7217,70,2.204,2.869
7219,70,2.229,2.879
7220,70,2.204,2.869
7226,69,2.219,2.884
7228,69,2.234,2.884
7229,69,2.219,2.879
7230,69,2.239,2.874
7232,69,2.239,2.874
7233,69,2.239,2.859
7235,69,2.263,2.825
7236,69,2.243,2.835
7237,69,2.2682.830
7244,69,2.287,2.761
7249,66,2.341,2.717
7250,66,2.351,2.703
7252,66,2.366,2.688
7253,66,2.375,2.664
7254,66,2.380,2.649
7256,66,2.395,2.630
7257,66,2.410,2.610
7259,66,2.410,2.590
7260,66,2.419,2.576
7261,66,2.434,2.561
7263,66,2.439,2.546
7264,66,2.454,2.537
7265,66,2.463,2.532
7272,55,2.498,2.507
7273,55,2.493,2.498
7274,55,2.498,2.493
7276,55,2.493,2.483
7277,55,2.498,2.483
7278,55,2.493,2.473
7280,55,2.493,2.478
7281,55,2.493,2.473
7283,55,2.493,2.473
7284,55,2.493,2.478
,55,2.493,2.483
7296,52,2.493,2.498
7297,52,2.493,2.498
7298,52,2.483,2.493
7300,52,2.488,2.493
7303,52,2.483,2.488
7304,52,2.483,2.488
7306,52,2.493,2.493
7307,52,2.493,2.498
7308,52,2.502,2.502
7311,52,2.502,2.498
7312,52,2.502,2.498
7317,58,2.502,2.473
7319,58,2.502,2.463
7320,58,2.507,2.458
7321,58,2.507,2.444
7323,58,2.512,2.444
7324,58,2.522,2.439
7325,58,2.532,2.429
7327,58,2.546,2.424
7328,58,2.556,2.419
7330,58,2.561,2.405
7331,58,2.576,2.400
7332,58,2.590,2.380
7334,58,2.595,2.361
7341,60,2.649,2.234
7343,60,2.674,2.214
7344,60,2.693,2.190
7346,60,2.698,2.170
7347,60,2.737,2.151
7348,60,2.771,2.141
7350,60,2.791,2.111
7352,60,2.776,2.077
7353,60,2.796,2.053
7355,60,2.805,2.023
7356,60,2.815,1.994
7358,60,2.845,1.970
7363,61,2.879,1.867
7364,61,2.937,1.857
7365,61,2.913,1.838
7367,61,2.967,1.833
7368,61,2.937,1.808
7369,61,2.962,1.808
7371,61,2.996,1.804
7372,61,2.991,1.799
7374,61,2.967,1.779
7375,61,2.991,1.789
7376,61,2.972,1.789
7378,61,3.001,1.794
7379,61,2.986,1.799
7387,67,2.908,1.931
7388,67,2.889,1.965
7390,67,2.825,1.989
7391,67,2.835,2.048
7392,67,2.810,2.077
7395,67,2.757,2.121
7396,67,2.722,2.170
7397,67,2.698,2.224
7399,67,2.644,2.273
7400,67,2.600,2.326
7401,67,2.546,2.375
7403,67,2.517,2.439
7408,75,2.410,2.639
7409,75,2.366,2.688
7411,75,2.336,2.752
7412,75,2.302,2.805
7413,75,2.258,2.849
7415,75,2.224,2.908
7416,75,2.155,2.947
7418,75,2.141,3.011
7419,75,2.092,3.050
7420,75,2.058,3.104
7422,75,2.048,3.157
7423,75,,3.187
7433,76,1.808,3.431
7435,76,1.857,3.460
7436,76,1.784,3.441
7438,76,1.823,3.431
7440,76,1.794,3.421
7441,76,1.823,3.407
7442,76,1.838,3.377
7444,76,1.911,3.348
7445,76,1.926,3.309
7447,76,1.950,3.260
7448,76,1.970,3.201
7453,68,2.185,2.933
7454,68,2.239,2.849
7456,68,2.307,2.757
7457,68,2.361,2.669
7458,68,2.424,2.576
7460,68,2.483,2.493
7461,68,2.527,2.405
7463,68,2.590,2.341
7464,68,2.634,2.273
7465,68,2.683,2.224
7467,68,2.722,2.180
7468,68,2.752,2.146
7469,68,2.776,2.116
,54,2.786,2.092
7482,54,2.693,2.199
7484,54,2.659,2.243
7485,54,2.634,2.283
7486,54,2.610,2.336
7488,54,2.571,2.390
7489,54,2.537,2.439
7492,54,2.463,2.556
7497,47,2.361,2.678
7499,47,2.326,2.708
7500,47,2.297,2.737
7502,47,2.283,2.771
7503,47,2.268,2.801
7504,47,2.258,2.820
7506,47,2.253,2.849
7507,47,2.234,2.859
7508,47,2.258,2.884
7510,47,2.248,2.874
7511,47,2.263,2.884
7512,47,2.258,2.864
7514,47,2.263,2.835
7515,47,2.287,2.796
7520,45,2.400,2.605
7523,45,2.454,2.537
7524,45,,2.463
7531,45,2.796,2.077
7532,45,2.849,1.994
7533,45,2.923,1.921
7535,45,2.933,1.838
7536,45,3.011,1.779
7537,45,3.006,1.706
7542,57,3.172,1.530
7544,57,3.138,1.491
7545,57,3.192,1.466
7547,57,3.172,1.457
7548,57,3.221,1.452
7549,57,3.177,1.442
7551,57,3.245,1.461
7552,57,3.240,1.471
7553,57,3.255,1.496
7555,57,3.172,1.481
7556,57,3.138,1.491
7557,57,3.128,1.520
7559,57,3.148,1.569
7560,57,3.074,1.584
7566,65,3.035,1.774
7568,65,2.937,1.804
7569,65,2.933,1.867
7570,65,2.864,1.921
7572,65,2.889,2.004
7576,65,2.703,2.199
7577,65,2.654,2.268
7579,65,2.590,2.326
7580,65,2.551,2.405
7581,65,2.488,2.463
7583,65,2.449,2.537
7588,76,2.317,2.747
7589,76,2.297,2.801
7590,76,2.239,2.854
7592,76,2.190,2.913
7593,76,2.155,2.967
7595,76,2.146,3.030
7596,76,2.087,3.055
7597,76,2.053,3.109
7599,76,2.048,3.162
7600,76,1.955,3.192
7601,76,1.926,3.216
7603,76,1.931,3.275
7604,76,1.867,3.304
7605,76,1.887,3.353
7612,76,1.813,3.441
7613,76,1.848,3.475
7614,76,1.794,3.470
7616,76,1.799,3.475
7628,76,1.960,3.284
7633,67,2.102,3.084
7634,67,2.116,3.006
7636,67,2.165,2.937
7637,67,2.224,2.874
7638,67,2.263,2.791
7640,67,2.322,2.717
7641,67,2.366,2.639
7642,67,2.424,2.576
7644,67,2.468,2.507
7645,67,2.522,2.454
7646,67,2.561,2.400
7648,67,2.595,2.356
7649,67,2.630,2.312
7652,67,2.664,2.287
7657,57,2.678,2.219
7658,57,2.688,2.219
7659,57,2.674,2.224
7661,57,2.664,2.234
7662,57,2.634,2.248
7664,57,2.630,2.278
7665,57,2.620,2.307
7666,57,2.595,2.336
7668,57,2.581,2.375
7672,57,2.517,2.478
7673,57,2.483,2.512
7678,48,2.424,2.586
7680,48,2.400,2.615
7681,48,2.385,2.630
7682,48,2.370,2.654
7684,48,2.351,2.669
7685,48,2.361,2.688
7686,48,2.341,2.703
7697,48,2.361,2.688
7704,53,2.458,2.532
7706,53,2.493,2.493
7707,53,2.522,2.454
7708,53,2.566,2.414
7710,53,2.595,2.361
7711,53,2.630,2.322
7712,53,2.654,2.263
7714,53,2.698,2.219
7715,53,2.737,2.165
7717,53,2.742,2.116
7718,53,2.761,2.067
7719,53,2.825,2.038
7724,58,2.903,1.901
7726,58,2.913,1.877
7727,58,2.942,1.857
7731,58,2.991,1.828
7733,58,2.942,1.813
7734,58,2.977,1.813
7736,58,2.962,1.808
7738,58,2.957,1.804
7739,58,2.952,1.799
7740,58,2.933,1.808
7742,58,2.928,1.828
7747,63,2.893,1.911
7748,63,2.869,1.931
7749,63,2.849,1.950
7751,63,2.840,1.979
7752,63,2.849,2.014
7754,63,2.805,2.033
7755,63,2.796,2.053
7756,63,2.791,2.087
7758,63,2.732,2.111
7759,63,2.717,2.146
7760,63,2.693,2.180
7762,63,2.659,2.224
7763,63,2.639,2.268
7765,63,2.610,2.317
7770,72,2.502,2.498
7771,72,2.473,2.546
7775,72,2.390,2.634
7776,72,2.375,2.674
7779,72,2.326,2.693
7780,72,2.307,2.737
7782,72,2.268,2.766
7783,72,2.243,2.805
7784,72,2.234,2.849
7786,72,2.195,2.889
7787,72,2.214,2.933
7792,72,2.107,3.055
7794,72,2.087,3.079
7795,72,2.107,3.113
7796,72,2.043,3.113
7798,72,2.043,3.138
7799,72,2.043,3.157
7800,72,1.979,3.148
7802,72,1.994,3.167
7803,72,2.033,3.196
7804,72,2.028,3.201
7806,72,1.984,3.196
7807,72,2.009,3.201
7809,72,1.999,3.196
7814,67,2.038,3.123
7815,67,2.072,3.094
,67,2.116,3.065
7824,67,2.224,2.864
7825,67,2.258,2.820
7827,67,2.278,2.776
7828,67,2.341,2.742
7829,67,2.370,2.688
7831,67,2.400,2.644
7832,67,2.434,2.595
7837,60,2.522,2.444
7839,60,2.537,2.405
7840,60,2.556,2.385
7841,60,2.571,2.361
7843,60,2.586,2.351
7844,60,2.590,2.351
7845,60,2.595,2.341
7847,60,2.595,2.346
7848,60,2.610,2.361
7850,60,2.586,2.361
7851,60,2.590,2.380
7852,60,2.576,2.390
7854,60,2.561,2.405
7859,52,2.502,2.468
7860,52,2.483,2.488
7861,52,2.468,2.507
7864,52,2.463,
7870,52,2.429,2.600
7872,52,2.429,2.615
7873,52,2.414,2.620
7875,52,2.414,2.625
7876,52,2.400,2.615
7877,52,2.405,2.620
7882,50,2.424,2.581
7884,50,2.429,2.561
7885,50,2.458,2.546
7887,50,2.473,2.522
7888,50,2.502,2.498
7891,50,2.561,2.424
7892,50,2.586,2.380
7894,50,2.605,2.336
7895,50,2.639,2.287
7897,50,2.669,2.239
7898,50,2.703,2.190
7899,50,2.713,2.141
7904,54,2.849,1.999
7907,54,2.874,1.975
7908,54,2.854,1.940
7910,54,2.879,1.955
7911,54,2.947,1.911
7912,54,2.957,1.887
7914,54,2.923,1.857
7918,54,2.952,1.769
7919,54,3.001,1.769
7921,54,2.981,1.745
7922,54,3.006,1.750
7927,65,3.016,1.755
7928,65,2.996,1.760
7930,65,2.981,1.769
7931,65,2.996,1.799
7932,65,2.967,1.799
7934,65,2.996,1.838
7935,65,2.918,1.848
7937,65,2.918,1.911
7938,65,2.884,1.887
7939,65,2.898,1.935
7941,65,2.849,1.955
7942,65,2.796,1.994
7943,65,2.805,2.038
7945,65,2.776,2.092
7951,72,2.669,2.283
7952,72,2.625,2.326
7954,72,2.581,2.380
7955,72,2.542,2.434
7956,72,2.502,2.483
7958,72,2.463,2.532
7962,72,2.366,2.644
7963,72,2.341,2.688
7964,72,2.326,2.742
7966,72,2.283,2.781
7967,72,2.253,2.830
7972,76,2.126,3.001
7974,76,2.146,3.055
7975,76,2.102,3.089
7976,76,2.053,3.118
7978,76,2.028,3.133
7979,76,2.009,3.187
7980,76,1.989,3.196
7982,76,1.999,3.236
7983,76,1.935,3.245
7985,76,1.960,3.284
7986,76,1.950,3.304
7987,76,1.896,3.319
7989,76,1.916,3.324
7990,76,1.887,3.333
7996,70,1.882,3.299
7997,70,1.975,3.294
7999,70,1.940,3.255
8000,70,1.940,3.226
8002,70,2.009,3.133
,70,2.028,3.157
8009,70,2.229,2.903
8011,70,2.263,2.835
8012,70,2.307,2.761
8014,70,2.370,2.698
8019,64,2.507,2.454
8020,64,2.542,2.400
8021,64,2.571,2.361
8023,64,2.605,2.322
8024,64,2.620,2.287
8026,64,2.634,2.263
8027,64,2.649,2.258
8028,64,2.674,2.253
8030,64,2.664,2.248
8031,64,2.683,2.253
8032,64,2.659,2.253
8035,64,2.664,2.258
8036,64,2.634,2.268
8041,51,2.576,2.351
8043,51,2.561,2.380
8044,51,2.537,2.414
8045,51,2.522,2.454
8047,51,2.502,2.483
8048,51,2.488,2.517
8049,51,2.4732.537
8056,51,2.390,2.630
8057,51,2.375,2.644
8059,51,2.370,2.654
8064,49,2.346,2.703
8065,49,2.336,2.713
8067,49,2.346,2.708
8068,49,2.351,2.708
8069,49,2.361,2.698
8071,49,2.366,2.688
8072,49,2.385,2.669
8073,49,2.390,2.644
8075,49,2.410,2.620
8076,49,2.429,2.586
8080,49,2.478,2.488
8082,49,2.512,2.444
8087,55,2.659,2.268
8088,55,2.683,2.224
8090,55,2.717,2.195
8091,55,2.781,2.126
8092,55,2.810,2.077
8094,55,2.815,2.023
8095,55,2.830,1.975
8096,55,2.869,1.921
8098,55,2.898,1.882
,55,2.933,1.848
8109,60,3.035,1.720
8111,60,3.069,1.725
8112,60,3.050,1.720
8113,60,3.021,1.735
8115,60,3.050,1.735
8116,60,2.972,1.750
8118,60,2.991,1.755
8120,60,2.977,1.774
8121,60,2.991,1.789
8123,60,2.957,1.808
8124,60,2.923,1.818
8125,60,2.933,1.852
8127,60,2.942,1.877
8132,66,2.859,2.009
8133,66,2.820,2.043
8135,66,2.805,2.087
8136,66,2.766,2.116
8137,66,2.713,2.155
8139,66,2.693,2.195
8140,66,2.649,2.243
8141,66,2.620,2.287
8143,66,2.586,2.346
8144,66,2.551,2.390
8145,66,2.5272.444
8156,77,2.322,2.747
8157,77,2.292,2.776
8159,77,2.258,2.815
8160,77,2.224,2.845
8161,77,2.204,2.884
8164,77,2.165,2.918
8165,77,2.151,2.957
8166,77,2.126,2.996
8168,77,2.111,3.030
8169,77,2.087,3.055
8170,77,2.116,3.109
8172,77,2.058,3.113
8177,74,2.004,3.196
8178,74,1.945,3.196
8180,74,1.945,3.221
8181,74,1.950,3.231
8182,74,1.989,3.250
8184,74,1.960,3.250
8185,74,1.935,3.245
8186,74,1.984,3.255
8188,74,2.004,3.270
8189,74,1.994,3.250
8191,74,2.009,3.231
8192,74,1.970,3.216
,74,1.994,3.187
8204,68,2.170,2.908
8206,68,2.239,2.874
8207,68,2.253,2.820
8209,68,2.307,2.781
8210,68,2.341,2.732
8211,68,2.375,2.683
8213,68,2.410,2.630
8214,68,2.439,2.586
8215,68,2.463,2.532
8217,68,2.498,2.493
8222,58,2.566,2.375
8223,58,2.576,2.356
8225,58,2.590,2.346
8226,58,2.595,2.336
8227,58,2.600,2.336
8229,58,2.605,2.336
8230,58,2.615,2.346
8231,58,2.600,2.346
8233,58,2.600,2.351
8234,58,2.590,2.361
8236,58,2.581,2.366
8237,58,2.566,2.380
8238,58,2.556,2.400
8243,54,2.5022.468
8251,54,2.468,2.551
8252,54,2.463,2.551
8254,54,2.454,2.566
8255,54,2.444,2.576
8256,54,2.429,2.576
8258,54,2.424,2.586
8259,54,2.414,2.595
8261,54,2.410,2.595
8262,54,2.410,2.605
8267,50,2.414,2.615
8268,50,2.419,2.615
8270,50,2.429,2.610
8271,50,2.429,2.600
8273,50,2.434,2.595
8274,50,2.444,2.586
8277,50,2.449,2.546
8279,50,2.463,2.532
8280,50,2.463,2.512
8281,50,2.478,2.498
8283,50,2.493,2.478
8284,50,2.507,2.463
8289,52,2.571,2.390
8291,52,2.586,2.370
8293,52,2.610,2.351
,52,2.625,2.326
8301,52,2.664,2.199
8302,52,2.683,2.175
8304,52,2.703,2.160
8305,52,2.713,2.141
8306,52,2.727,2.126
8308,52,2.766,2.121
8313,62,2.810,2.072
8314,62,2.820,2.067
8315,62,2.786,2.048
8317,62,2.805,2.048
8318,62,2.805,2.033
8320,62,2.805,2.028
8321,62,2.796,2.023
8322,62,2.815,2.014
8324,62,2.805,1.999
8325,62,2.854,1.999
8326,62,2.849,1.994
8328,62,2.849,1.989
8329,62,2.845,1.975
8335,66,2.849,1.955
8337,66,2.874,1.950
8338,66,2.874,1.955
8339,66,2.864,1.960
8341,66,2.8451.945
8347,66,2.859,2.014
8349,66,2.805,2.023
8350,66,2.825,2.048
8351,66,2.820,2.067
8353,66,2.801,2.082
8358,72,2.717,2.170
8359,72,2.693,2.199
8361,72,2.674,2.224
8362,72,2.649,2.263
8363,72,2.610,2.302
8365,72,2.605,2.346
8366,72,2.566,2.385
8367,72,2.542,2.434
8369,72,2.512,2.478
8370,72,2.493,2.527
8371,72,2.468,2.551
8373,72,2.444,2.586
8374,72,2.414,2.595
8380,72,2.326,2.727
8382,72,2.278,2.761
8383,72,2.263,2.810
8384,72,2.214,2.845
8386,72,2.214,2.889
8387,72,2.195,2.933
,72,2.165,2.972
8407,74,1.940,3.289
8408,74,1.921,3.289
8409,74,1.945,3.289
8411,74,1.940,3.280
8412,74,1.984,3.270
8414,74,2.004,3.196
8415,74,2.023,3.226
8416,74,1.979,3.172
8419,74,2.038,3.133
8420,74,2.067,3.089
8421,74,2.082,3.016
8426,66,2.258,2.805
8428,66,2.331,2.747
8429,66,2.366,2.678
8431,66,2.424,2.620
8432,66,2.458,2.556
8433,66,2.498,2.498
8435,66,2.532,2.434
8436,66,2.566,2.380
8437,66,2.600,2.336
8439,66,2.610,2.297
8440,66,2.649,2.263
8442,66,2.664,2.234
8443,66,2.664,2.209
8451,54,2.693,2.219
8452,54,2.693,2.234
8453,54,2.669,2.248
8455,54,2.644,2.268
8456,54,2.639,2.292
8458,54,2.605,2.312
8459,54,2.581,2.341
8460,54,2.556,2.370
8463,54,2.537,2.410
8464,54,2.517,2.444
8465,54,2.498,2.483
8471,49,2.449,2.586
8472,49,2.429,2.610
8473,49,2.405,2.630
8475,49,2.380,2.654
8476,49,2.370,2.669
8477,49,2.356,2.688
8487,49,2.312,2.766
8494,47,2.366,2.693
8496,47,2.380,2.654
8497,47,2.410,2.610
8498,47,2.429,2.561
8500,47,2.463,2.512
8501,47,2.502,2.458
8502,47,2.546,2.405
8507,47,2.693,2.219
8509,47,2.742,2.151
8510,47,2.776,2.082
8512,47,2.835,2.019
8517,53,3.006,1.779
8518,53,3.011,1.711
8519,53,3.060,1.672
8521,53,3.089,1.632
8522,53,3.118,1.598
8523,53,3.109,1.569
8525,53,3.192,1.540
8526,53,3.187,1.500
8528,53,3.157,1.486
8529,53,3.162,1.466
8530,53,3.187,1.476
8532,53,3.206,1.452
8533,53,3.250,1.481
8538,65,3.221,1.466
8539,65,3.216,1.505
8541,65,3.128,1.505
8542,65,3.167,1.544
8543,65,3.167,1.579
8545,65,3.143,1.628
8547,65,3.045,1.642
8551,65,2.991,1.804
8553,65,2.937,1.862
8554,65,2.879,1.911
8555,65,2.845,1.975
8557,65,2.796,2.033
8562,73,2.610,2.302
8563,73,2.561,2.390
8565,73,2.502,2.468
8566,73,2.454,2.556
8567,73,2.424,2.620
8569,73,2.375,2.683
8570,73,2.326,2.752
8571,73,2.292,2.820
8573,73,2.224,2.874
8574,73,2.165,2.933
8576,73,2.131,2.996
8577,73,2.082,3.060
8578,73,2.063,3.123
8583,78,1.877,3.319
8585,78,1.882,3.402
8586,78,1.784,3.426
8587,78,1.760,3.500
8590,78,1.774,3.553
8591,78,1.745,3.583
8595,78,1.696,3.680
8597,78,1.711,3.695
8598,78,1.603,3.666
8599,78,1.588,3.666
8601,78,1.608,3.651
8602,78,1.628,3.631
8607,68,1.769,3.509
8608,68,1.877,3.470
8610,68,1.901,3.407
8611,68,1.891,3.319
8613,68,1.945,3.240
8614,68,2.048,3.157
8615,68,2.082,3.045
8617,68,2.175,2.947
8618,68,2.258,2.835
8619,68,2.326,2.717
8621,68,2.400,2.610
8622,68,2.478,2.498
8623,68,2.546,2.395
8629,59,2.752,2.097
8630,59,2.810,2.058
8632,59,2.820,2.014
8634,59,2.845,1.989
8635,59,2.869,1.970
,59,2.874,1.965
8643,59,2.796,2.053
8644,59,2.761,2.097
8646,59,2.742,2.151
8647,59,2.703,2.204
8652,48,2.561,2.419
8654,48,2.517,2.478
8655,48,2.468,2.527
8656,48,2.434,2.571
8658,48,2.395,2.610
8659,48,2.361,2.654
8660,48,2.336,2.698
8662,48,2.307,2.747
8663,48,2.263,2.786
8665,48,2.268,2.810
8666,48,2.224,2.869
8667,48,2.219,2.908
8669,48,2.180,2.933
8675,43,2.146,2.981
8676,43,2.175,2.977
8685,43,2.351,2.693
8689,43,2.522,2.463
8691,43,2.605,2.370
8692,43,2.664,2.263
8697,52,2.933,1.891
8701,52,3.055,1.642
8702,52,3.138,1.579
8704,52,3.162,1.525
8705,52,3.231,1.486
8707,52,3.280,1.457
8708,52,3.294,1.422
8709,52,3.265,1.383
8711,52,3.289,1.383
8712,52,3.304,1.369
8713,52,3.294,1.373
8719,61,3.275,1.413
8721,61,3.172,1.398
8722,61,3.255,1.461
8723,61,3.182,1.471
8725,61,3.162,1.510
8726,61,3.157,1.554
8728,61,3.123,1.598
8729,61,3.050,1.637
8730,61,3.045,1.701
8732,61,3.050,1.774
8733,61,2.986,1.828
8734,61,2.947,1.887
8736,61,2.859,1.950
8737,61,2.810,2.014
8742,73,2.625,2.302
8746,73,2.454,2.551
8748,73,2.419,2.630
8749,73,2.370,2.693
8750,73,2.336,2.766
8752,73,2.268,2.830
8753,73,2.243,2.903
8754,73,2.155,2.947
8756,73,2.107,3.025
8757,73,2.053,3.084
8760,73,2.023,3.148
8765,78,1.877,3.372
8766,78,1.838,3.421
8767,78,1.862,3.490
8769,78,1.833,3.534
8770,78,1.720,3.558
8771,78,1.774,3.597
8773,78,1.696,3.612
8774,78,1.691,3.631
8776,78,1.652,3.583
8777,78,1.628,3.636
8778,78,1.603,3.641
8780,78,1.701,3.651
8781,78,1.706,3.641
8782,78,1.652,3.587
8790,70,1.950,3.333
8792,70,1.994,3.206
8793,70,2.028,3.157
8794,70,2.082,3.055
8796,70,2.151,2.952
8797,70,2.234,2.849
8798,70,2.322,2.747
8800,70,2.375,2.634
8801,70,2.454,2.532
8803,70,2.522,2.434
8805,70,2.590,2.346
8810,61,2.776,2.126
8811,61,2.796,2.092
8813,61,2.820,2.058
8814,61,2.820,2.048
8815,61,2.830,2.033
8817,61,2.801,2.033
8818,61,2.776,2.038
8819,61,2.761,2.058
8821,61,2.776,2.092
8822,61,2.742,2.126
8824,61,2.717,2.165
8825,61,2.698,2.214
8826,61,2.664,
,47,2.478,2.537
8840,47,2.326,2.708
8841,47,2.317,2.752
8843,47,2.268,2.781
8844,47,2.248,2.815
8846,47,2.253,2.849
8848,47,2.243,2.874
8849,47,2.214,2.889
8850,47,2.224,2.908
8856,45,2.229,2.879
8857,45,2.229,2.849
8858,45,2.248,2.815
8860,45,2.292,2.776
8861,45,2.312,2.727
8862,45,2.361,2.669
8864,45,2.405,2.600
8865,45,2.463,2.537
8867,45,2.522,2.454
8868,45,2.586,2.375
8869,45,2.654,2.287
8871,45,2.717,2.199
8872,45,2.757,2.102
8885,52,3.231,1.486
8890,52,3.250,1.408
8891,52,3.343,1.403
8895,52,3.196,1.398
8900,70,3.167,1.476
8902,70,3.172,1.505
8903,70,3.182,1.549
8904,70,3.074,1.569
8906,70,3.109,1.623
8907,70,3.055,1.662
8908,70,3.040,1.730
8910,70,3.021,1.794
8911,70,2.962,1.833
8912,70,2.918,1.891
8914,70,2.889,1.960
8915,70,2.805,2.009
8917,70,2.761,2.077
8918,70,2.737,2.151
8923,75,2.527,2.424
8924,75,2.478,2.507
8926,75,2.434,2.576
8927,75,2.414,2.644
8929,75,2.351,2.693
8931,75,2.341,2.771
8932,75,2.278,2.820
8934,75,2.229,2.884
8935,75,2.195,2.937
8936,75,2.160,3.001
8940,75,1.975,3.143
8946,78,1.921,3.299
8947,78,1.838,3.368
8948,78,1.833,3.421
8950,78,1.818,3.451
8951,78,1.828,3.485
8952,78,1.769,3.500
8954,78,1.750,3.524
8955,78,1.779,3.534
8956,78,1.784,3.553
8958,78,1.706,3.529
8959,78,1.774,3.548
8961,78,1.764,3.534
8962,78,1.764,3.529
8963,78,1.755,3.495
8968,70,1.906,3.392
8970,70,1.931,3.348
8971,70,1.960,3.289
8972,70,1.975,3.211
8975,70,2.014,3.143
8976,70,2.116,3.079
8978,70,2.141,2.991
8979,70,2.170,2.913
8980,70,2.229,2.820
8984,70,2.424,2.581
8986,70,2.483,2.512
8991,60,2.644,2.287
8992,60,2.688,2.248
8994,60,2.708,2.209
8995,60,2.703,2.175
8996,60,2.727,2.160
8998,60,2.727,2.141
8999,60,2.732,2.146
9000,60,2.722,2.146
9002,60,2.708,2.155
9003,60,2.717,2.175
9005,60,2.708,2.199
9006,60,2.678,2.224
9007,60,2.674,2.263
9009,60,2.649,2.292
9014,50,2.537,2.429
9016,50,2.512,2.468
9017,50,2.478,2.502
9019,50,2.458,2.532
9020,50,2.434,2.551
9022,50,2.419,2.576
9023,50,2.405,2.600
9024,50,2.380,
,50,2.361,2.703
9038,46,2.307,2.766
9039,46,2.302,2.766
9041,46,2.297,2.752
9042,46,2.302,2.742
9043,46,2.312,2.727
9045,46,2.346,2.708
9046,46,2.356,2.688
9047,46,2.390,2.669
9049,46,2.414,2.630
9050,46,2.444,2.595
9051,46,2.468,2.551
9053,46,2.498,2.502
9059,51,2.610,2.307
9060,51,2.644,2.253
9062,51,2.664,2.199
9063,51,2.722,2.151
9064,51,2.732,2.107
9066,51,2.796,2.067
9067,51,2.796,2.028
9069,51,2.849,1.994
9070,51,2.889,1.965
9071,51,2.893,1.921
9073,51,2.937,1.896
9086,62,3.040,1.760
9092,62,2.957,1.833
9093,62,2.908,1.857
9095,62,2.947,1.887
9096,62,2.889,1.896
9098,62,2.889,1.906
9099,62,2.889,1.940
9105,68,2.820,2.048
9106,68,2.791,2.087
9108,68,2.766,2.126
9109,68,2.737,2.160
9111,68,2.708,2.204
9112,68,2.674,2.234
9113,68,2.649,2.283
9115,68,2.620,2.312
9116,68,2.586,2.356
9117,68,2.551,2.390
9119,68,2.522,2.439
9120,68,2.478,2.473
9121,68,2.458,2.522
9127,75,2.390,2.654
9128,75,2.361,2.693
9129,75,2.336,2.727
9131,75,2.331,2.766
9132,75,2.297,2.796
9133,75,2.273,2.830
9138,75,2.175,2.908
9139,75,2.180,2.947
9140,75,2.165,2.977
9142,75,2.102,3.001
9144,75,2.126,3.035
9145,75,2.082,3.050
9150,71,2.058,3.143
9152,71,2.043,3.162
9153,71,2.004,3.172
9155,71,1.989,3.138
9156,71,1.979,3.182
9157,71,2.009,3.182
9159,71,2.028,3.196
9160,71,2.014,3.192
9161,71,2.014,3.196
9163,71,1.994,3.187
9164,71,2.019,3.177
9165,71,2.019,3.167
9167,71,2.014,3.148
9172,69,2.102,3.069
9173,69,2.107,3.025
9175,69,2.131,2.981
9176,69,2.175,2.952
9177,69,2.199,2.903
9191,69,2.507,2.493
9196,58,2.586,2.366
9197,58,2.590,2.341
9198,58,2.610,2.326
9200,58,2.610,2.312
9201,58,2.620,2.307
9202,58,2.615,2.312
9204,58,2.600,2.317
9205,58,2.615,2.326
9207,58,2.605,2.346
9208,58,2.590,2.361
9209,58,2.586,2.380
9211,58,2.571,2.405
9212,58,2.551,2.424
9217,50,2.478,2.502
9218,50,2.463,2.522
9220,50,2.454,2.532
9221,50,2.444,2.546
9223,50,2.434,2.561
9224,50,2.429,2.586
9225,50,2.414,2.595
9227,50,2.424,2.620
9228,50,2.405,2.625
9230,50,2.405,
,50,2.400,2.654
9244,49,2.444,2.556
9245,49,2.463,2.532
9247,49,2.493,2.507
9248,49,2.517,2.478
9250,49,2.542,2.444
9251,49,2.561,2.405
9252,49,2.595,2.370
9254,49,2.610,2.326
9255,49,2.649,2.283
9256,49,2.654,2.234
9258,49,2.698,2.195
9263,58,2.771,2.053
9264,58,2.815,2.028
9266,58,2.859,1.994
9267,58,2.893,1.965
9268,58,2.874,1.926
9270,58,2.923,1.911
9272,58,2.937,1.877
9273,58,2.918,1.838
9275,58,2.957,1.813
9276,58,2.991,1.799
9278,58,3.006,1.779
9279,58,2.981,1.760
9280,58,3.016,1.755
9288,64,2.977,1.818
9297,64,2.820,1.960
9301,64,2.776,2.067
9303,64,2.757,2.102
9308,69,2.654,2.268
9309,69,2.634,2.326
9310,69,2.590,2.380
9312,69,2.546,2.424
9313,69,2.517,2.483
9315,69,2.473,2.522
9317,69,2.449,2.551
9318,69,2.419,2.576
9320,69,2.390,2.610
9321,69,2.380,2.644
9322,69,2.346,2.683
9324,69,2.312,2.722
9325,69,2.307,2.771
9330,79,2.209,2.933
9331,79,2.190,2.962
9333,79,2.160,3.001
9334,79,2.141,3.035
9336,79,2.092,3.060
9337,79,2.058,3.074
9338,79,2.077,3.118
9342,79,1.975,3.167
9344,79,1.989,3.196
9345,79,2.019,3.226
9347,79,2.023,3.245
9348,79,1.950,3.236
9353,74,1.975,3.245
9354,74,1.970,3.226
9356,74,1.955,3.211
9358,74,2.009,3.192
9359,74,2.028,3.167
9361,74,2.063,3.138
9362,74,2.033,3.099
9364,74,2.102,3.065
9365,74,2.116,3.030
9366,74,2.136,2.981
9368,74,2.190,2.937
9369,74,2.243,2.884
9370,74,2.278,2.830
9375,64,2.424,2.600
9377,64,2.454,2.537
9378,64,2.488,2.488
9380,64,2.522,2.429
9381,64,2.556,2.385
9382,64,2.581,2.346
9384,64,2.615,2.312
9388,64,2.659,2.248
9389,64,2.688,2.248
9391,64,2.669,2.234
9392,64,2.688,2.243
9393,64,2.659,2.243
9398,52,2.630,2.297
9401,52,2.595,2.322
9402,52,2.581,2.351
9403,52,2.561,2.385
9405,52,2.546,2.424
9406,52,2.517,2.458
9408,52,2.502,2.498
9409,52,2.478,2.522
9410,52,2.468,2.556
9412,52,2.449,2.576
9413,52,2.434,2.595
9414,52,2.405,2.615
9416,52,2.400,2.639
9421,47,2.336,2.698
9422,47,2.336,2.713
9424,47,2.322,2.717
9425,47,2.326,2.727
9426,47,2.336,2.737
9428,47,2.346,2.732
9432,47,2.375,2.683
9433,47,2.380,2.654
9435,47,2.414,2.615
9436,47,2.434,2.576
9437,47,2.463,2.522
9439,47,2.493,2.468
9445,51,2.649,2.253
9446,51,2.693,2.190
9448,51,2.747,2.160
9449,51,2.810,2.067
9450,51,2.859,2.009
9452,51,2.903,1.950
9453,51,2.933,1.891
9454,51,2.942,1.818
9456,51,3.011,1.774
9457,51,3.006,1.720
9458,51,3.025,1.676
9460,51,3.104,1.647
9461,51,3.099,1.603
9466,62,3.201,1.540
9468,62,3.128,1.525
9469,62,3.133,1.530
9470,62,3.177,1.549
9472,62,3.167,1.574
9473,62,3.099,1.574
9477,62,3.089,1.637
9479,62,3.084,1.657
9480,62,3.035,1.686
9494,70,2.722,2.185
9498,70,2.571,2.351
9499,70,2.522,2.429
9500,70,2.468,2.493
9502,70,2.434,2.561
9503,70,2.400,2.610
9504,70,2.366,2.674
9506,70,2.331,2.737
9511,77,2.185,2.952
9512,77,2.146,3.016
9514,77,2.077,3.069
9515,77,2.082,3.133
9516,77,2.033,3.182
9518,77,1.955,3.216
9519,77,1.955,3.265
9520,77,1.872,3.294
9522,77,1.843,3.353
9523,77,1.852,3.392
9525,77,1.799,3.431
9526,77,1.852,3.470
9528,77,1.808,3.504
9536,74,1.755,3.509
9537,74,1.774,3.485
9539,74,1.804,3.460
9540,74,1.813,3.421
9542,74,1.882,3.392
9543,74,1.857,3.319
9544,74,1.931,3.289
9546,74,1.955,3.206
9547,74,2.014,3.148
9548,74,2.097,3.074
9550,74,2.170,3.006
9551,74,2.204,2.903
9556,65,2.439,2.556
9558,65,2.498,2.468
9559,65,2.551,2.380
9560,65,2.595,2.307
9562,65,2.639,2.248
9563,65,2.693,2.199
9564,65,2.713,2.155
9566,65,2.761,2.131
9567,65,2.786,2.111
9568,65,2.776,2.097
9571,65,2.805,2.102
9572,65,2.786,2.092
9580,51,2.669,2.229
9581,51,2.630,2.268
9583,51,2.605,2.322
9584,51,2.571,2.366
9586,51,2.546,2.419
9587,51,2.517,2.478
9588,51,2.483,2.522
9590,51,2.458,2.566
9591,51,2.439,2.600
9592,51,2.400,2.634
9594,51,2.380,2.669
9595,51,2.346,2.703
9597,51,2.331,2.727
9602,45,2.239,2.820
9603,45,2.243,2.830
9604,45,2.229,2.849
9606,45,2.224,2.854
9607,45,2.234,2.864
9608,45,2.268,2.859
9610,45,2.283,2.840
9611,45,2.273,2.815
9614,45,2.317,2.791
9615,45,2.317,2.742
9616,45,2.341,2.693
9618,,2.380,2.634
9628,50,2.776,2.092
9629,50,2.845,2.023
9631,50,2.889,1.950
9632,50,2.937,1.882
9634,50,2.962,1.818
9635,50,2.991,1.755
9636,50,3.021,1.706
9638,50,3.055,1.662
9639,50,3.094,1.628
9640,50,3.084,1.598
9642,50,3.123,1.579
9647,61,3.206,1.549
9648,61,3.148,1.544
9650,61,3.216,1.564
9651,61,3.172,1.554
9652,61,3.118,1.564
9654,61,3.177,1.579
9656,61,3.094,1.588
9657,61,3.118,1.613
9659,61,3.065,1.637
9660,61,3.035,1.657
9661,61,3.035,1.696
9663,61,3.040,1.740
9664,61,2.957,1.760
9672,68,2.781,2.072
9673,68,2.747,2.141
9675,68,2.713,2.204
9676,68,2.644,2.258
9677,68,2.590,2.322
9679,68,2.542,2.385
9692,78,2.229,2.898
9696,78,2.111,3.030
9697,78,2.067,3.069
9699,78,2.038,3.118
9701,78,2.033,3.162
9702,78,1.970,3.201
9703,78,1.916,3.236
9705,78,1.975,3.299
9706,78,1.926,3.328
9707,78,1.945,3.368
9709,78,1.921,3.397
9710,78,1.877,3.412
9715,70,1.799,3.431
9717,70,1.852,3.436
9718,70,1.867,3.436
9719,70,1.813,3.397
9721,70,1.833,3.387
9722,70,1.882,3.368
9723,70,1.931,3.353
9728,70,1.975,3.182
9729,70,2.019,3.211
9730,70,2.053,3.167
9732,70,2.048,3.094
9733,70,2.126,3.045
9738,65,2.278,2.815
9739,65,2.297,2.732
9742,65,2.341,2.674
9743,65,2.405,2.615
9745,65,2.444,2.561
9746,65,2.483,2.502
9747,65,2.532,2.458
9749,65,2.561,2.410
9750,65,2.595,2.375
9751,65,2.620,2.336
9753,65,2.644,2.307
9754,65,2.639,2.283
9756,65,2.654,2.263
9761,55,2.659,2.239
9762,55,2.659,2.248
9763,55,2.649,2.263
9765,55,2.644,2.278
9766,55,2.639,2.302
9767,55,2.620,2.322
9772,55,2.566,2.390
9773,55,2.551,2.424
9774,55,2.522,2.444
9776,55,2.502,2.473
9777,55,2.473,2.498
9782,49,2.424,2.576
9784,49,2.414,2.600
9786,49,2.405,2.620
9787,49,2.410,2.649
9789,49,2.380,2.659
9790,49,2.375,2.683
9791,49,2.370,2.693
9793,49,2.356,2.703
9794,49,2.341,2.703
9795,49,2.351,2.713
9797,49,2.346,2.708
9798,49,2.346,2.708
9800,49,2.331,2.693
9801,49,2.346,2.688
9806,52,2.400,2.634
9807,52,2.424,2.610
9809,52,2.449,2.571
9810,52,2.483,2.537
9811,52,2.507,2.488
9816,52,2.610,2.322
9817,52,2.639,2.253
9818,52,2.688,2.199
9820,52,2.722,2.136
9821,52,2.761,2.077
9822,52,2.815,2.023
9829,53,2.977,1.843
9830,53,2.957,1.799
9831,53,2.991,1.740
9833,53,3.050,1.716
9834,53,3.050,1.667
9835,53,3.079,1.632
9837,53,3.152,1.588
9838,53,3.162,1.564
9839,53,3.192,1.515
9841,53,3.167,1.491
9842,53,3.177,1.471
9843,53,3.201,1.466
9845,53,3.226,1.452
9846,53,3.192,1.452
9851,65,3.211,1.500
9853,65,3.201,1.530
9854,65,3.182,1.559
9855,65,3.118,1.579
9857,65,3.109,1.632
9861,65,2.986,1.789
9862,65,2.952,1.852
9863,65,2.854,1.911
9865,65,2.830,1.989
9866,65,2.791,2.077
9868,65,2.757,2.151
9874,75,2.546,2.434
9875,75,2.483,2.517
9884,75,2.141,3.016
9888,75,1.994,3.211
9889,75,1.931,3.280
9891,75,1.906,3.343
9896,75,1.711,3.514
9897,75,1.725,3.587
9899,75,1.681,3.627
9900,75,1.613,3.651
9901,75,1.642,3.695
9903,75,1.623,3.715
9904,75,1.544,3.719
9905,75,1.525,3.710
9907,75,1.500,3.715
9908,75,1.623,3.724
9909,75,1.608,3.690
9912,75,1.632,3.666
9920,66,2.014,3.187
9921,66,2.077,3.065
9922,66,2.195,2.937
9924,66,2.273,2.796
9925,66,2.366,2.654
9926,66,2.483,2.517
9928,66,2.571,2.380
9929,66,2.674,2.258
9931,66,2.752,2.146
9932,66,2.830,2.043
9933,66,2.874,1.955
9935,66,2.933,1.882
9936,66,2.933,1.833
9941,57,2.972,1.774
9942,57,2.947,1.784
9944,57,2.933,1.808
9945,57,2.933,1.852
9947,57,2.908,1.911
9948,57,2.859,1.950
9949,57,2.840,2.028
9951,57,2.791,2.087
9952,57,2.727,2.155
9953,57,2.678,2.234
9956,57,2.625,2.312
9957,57,2.561,2.380
9973,40,2.038,3.143
9974,40,2.048,3.182
9976,40,1.994,3.196
9977,40,1.979,3.206
9978,40,1.965,3.206
9980,40,1.975,3.187
9981,40,2.014,3.172
9986,43,2.219,2.898
9988,43,2.317,2.752
9989,43,2.414,2.639
9990,43,2.522,2.473
9992,43,2.644,2.307
9993,43,2.747,2.126
9994,43,2.835,1.960
9996,43,2.967,1.799
9998,43,3.089,1.657
10000,43,3.182,1.500
10001,43,3.294,1.383
10002,43,3.460,1.295
10004,43,3.680,1.251
10005,43,3.988,1.105
10010,59,4.526,0.499
10012,59,4.682,0.406
,59,4.858,0.396
10020,59,4.516,0.679
10021,59,4.154,0.806
10022,59,4.027,0.992
10024,59,3.793,1.193
10025,59,3.553,1.266
10027,59,3.299,1.339
10032,76,2.908,1.901
10033,76,2.810,2.014
10034,76,2.727,2.146
10036,76,2.639,2.273
10037,76,2.542,2.410
10040,76,2.444,2.532
10041,76,2.370,2.644
10043,76,2.307,2.752
10044,76,2.209,2.869
10045,76,2.151,2.986
10047,76,2.072,3.109
10048,76,1.999,3.211
10050,76,1.921,3.333
10055,82,1.647,3.729
10056,82,1.310,3.759
10057,82,1.061,4.008
10059,82,,4.252
10065,82,0.000,5.000
10067,82,0.000,5.000
10068,82,0.000,5.000
10069,82,0.010,5.000
10071,82,0.000,5.000
10072,82,0.210,5.000
10077,75,1.574,3.724
10079,75,1.784,3.495
10080,75,2.019,3.182
10081,75,2.248,2.810
10084,75,2.546,2.405
10085,75,2.849,1.979
10089,75,4.057,0.899
10090,75,5.000,0.000
10091,75,5.000,0.000
10093,75,5.000,0.000
10094,75,5.000,0.000
10095,75,5.000,0.000
10100,52,5.000,0.000
10102,52,5.000,0.000
10103,52,5.000,0.000
10104,52,5.000,0.000
10106,52,5.000,0.000
,52,5.000,0.000
10114,52,2.810,2.023
10115,52,2.151,2.967
10116,52,2.014,3.104
10121,18,1.891,3.392
10123,18,1.965,3.275
10124,18,1.945,3.265
10127,18,2.014,3.211
10128,18,1.965,3.221
10129,18,2.028,3.177
10131,18,2.077,3.162
10132,18,2.043,3.143
10134,18,2.043,3.113
10135,18,1.994,3.157
10136,18,2.048,3.177
10138,18,1.940,3.226
10139,18,1.931,3.250
10141,18,1.862,3.319
10146,11,1.804,3.402
10147,11,1.867,3.426
10149,11,1.867,3.421
10150,11,1.857,3.387
10151,11,1.911,3.372
10153,11,,3.319
10159,11,1.994,3.143
10161,11,2.019,3.099
10162,11,2.102,3.084
10168,21,2.102,3.035
10170,21,2.102,3.035
10171,21,2.111,3.025
10172,21,2.146,3.016
10174,21,2.155,2.991
10175,21,2.180,2.981
10177,21,2.180,2.937
10178,21,2.175,2.923
10180,21,2.180,2.893
10181,21,2.214,2.874
10182,21,2.214,2.849
10184,21,2.248,2.835
10185,21,2.263,2.815
10190,28,2.331,2.766
10192,28,2.341,2.742
10193,28,2.341,2.717
10194,28,2.341,2.703
10196,28,2.346,2.678
10197,28,2.356,2.659
10199,28,2.375,2.644
10200,28,2.375,2.639
10204,28,2.410,2.605
10206,28,2.439,2.576
10207,28,2.454,2.571
10213,38,2.463,2.556
10215,38,2.449,2.551
10216,38,2.458,2.537
10217,38,2.454,2.532
10219,38,2.458,2.522
10220,38,2.458,2.522
10222,38,2.463,2.522
10223,38,2.463,2.522
10224,38,2.468,2.532
10226,38,2.468,2.532
10227,38,2.478,2.537
10229,38,2.478,2.532
10230,38,2.483,2.532
10235,39,2.483,2.507
10237,39,2.478,2.498
10238,39,2.483,2.493
10239,39,2.478,2.488
10241,39,2.488,2.483
10242,39,2.493,2.483
10244,,2.498,2.483
10250,39,2.512,2.483
10252,39,2.512,2.478
10254,39,2.507,2.473
10259,35,2.512,2.439
10261,35,2.517,2.439
10262,35,2.522,2.434
10263,35,2.532,2.429
10265,35,2.542,2.429
10266,35,2.546,2.424
10268,35,2.556,2.419
10269,35,2.571,2.414
10270,35,2.561,2.405
10272,35,2.576,2.390
10273,35,2.576,2.385
10275,35,2.581,2.370
10276,35,2.571,2.351
10281,39,2.615,2.322
10283,39,2.620,2.317
10292,39,2.625,2.307
10297,39,2.630,2.297
10298,39,2.625,2.287
10299,39,2.620,2.287
10305,37,2.639,2.297
10309,37,2.620,2.322
10310,37,2.630,2.317
10312,37,2.610,2.317
10313,37,2.620,2.322
10314,37,2.610,2.322
10316,37,2.600,2.317
10317,37,2.595,2.322
10319,37,2.600,2.322
10320,37,2.595,2.326
10321,37,2.595,2.336
10326,35,2.590,2.370
10328,35,2.576,2.375
10329,35,2.581,2.385
10331,35,2.571,2.390
10332,35,2.566,2.405
10334,35,2.551,2.405
10335,35,2.551,2.414
10336,35,2.537,2.414
10339,35,2.532,2.424
10340,35,2.522,2.429
10342,35,2.517,2.444
10343,35,2.512,2.454
10344,35,2.512,2.458
10352,29,2.507,2.493
10354,29,2.502,2.478
10355,29,2.498,2.488
10356,29,2.493,2.483
10358,29,2.493,2.483
10359,29,2.488,2.478
10361,29,2.493,2.478
10362,29,2.493,2.478
10364,29,2.498,2.483
10365,29,2.498,2.483
10366,29,2.507,2.493
10371,29,2.502,2.493
10373,29,2.502,2.493
10374,29,2.498,2.483
10376,29,2.493,2.478
10377,29,2.493,2.478
10378,29,2.493,2.468
10380,29,2.498,2.468
10382,29,2.498,2.468
10384,29,2.502,2.468
10385,29,2.502,2.473
10387,29,2.507,2.478
10388,29,2.507,2.483
10389,29,2.512,2.493
10397,27,2.488,2.483
10399,27,2.488,2.483
10400,27,2.488,2.488
10401,27,2.488,2.488
10403,27,2.493,2.483
10404,27,2.493,2.488
10406,27,2.498,2.498
10407,27,2.498,2.498
10408,27,2.502,2.502
10410,27,2.498,2.502
10411,27,2.498,2.502
10416,30,2.483,2.488
10418,30,2.488,2.483
10419,30,2.483,2.483
10421,30,2.488,2.483
10422,30,2.488,2.483
10424,30,2.493,2.483
10426,30,2.498,2.488
10427,30,2.507,2.498
10429,30,2.502,2.493
10430,30,2.507,2.498
10431,30,2.502,2.498
10433,30,,2.498
10443,31,2.493,2.483
10445,31,2.493,2.488
10446,31,2.502,2.493
10447,31,2.498,2.498
10449,31,2.507,2.498
10450,31,2.498,2.498
10452,31,2.502,2.498
10453,31,2.498,2.498
10454,31,2.493,2.488
10456,31,2.488,2.483
10461,29,2.493,2.488
10462,29,2.488,2.488
10464,29,2.493,2.488
10465,29,2.498,2.493
10468,29,2.498,2.498
10469,29,2.502,2.502
10470,29,2.502,2.498
10472,29,2.502,2.498
10473,29,2.498,2.498
10475,29,2.493,2.493
10476,29,2.493,2.483
10478,29,2.488,2.483
10479,29,2.483,2.483
10484,28,2.493,2.493
10488,28,2.502,2.498
10497,28,2.493,2.488
10501,28,2.488,2.483
10506,28,2.502,2.498
10508,28,2.502,2.498
10510,28,2.502,2.502
10512,28,2.502,2.498
10513,28,2.502,2.493
10514,28,2.493,2.493
10516,28,2.493,2.488
10517,28,2.488,2.483
10519,28,2.488,2.483
10520,28,2.488,2.483
10521,28,2.488,2.483
10523,28,2.488,2.483
10524,28,2.493,2.493
10529,28,2.507,2.502
10531,28,2.502,2.498
10532,28,2.502,2.498
10534,28,2.493,2.488
10535,28,2.498,2.493
10536,28,2.483,2.483
10538,28,2.488,2.483
10542,28,2.488,2.488
10543,28,2.493,2.493
10545,28,2.498,2.493
10546,28,2.502,2.498
10552,30,2.502,2.498
10554,30,2.498,2.498
10555,30,2.493,2.493
10557,30,2.483,2.483
10558,30,2.488,2.488
10559,30,2.483,2.478
10561,30,2.488,2.483
10562,30,2.488,2.483
10564,30,2.493,2.493
10565,30,2.498,2.493
10566,30,2.498,2.498
10568,30,2.498,2.498
10569,30,2.502,2.502
10571,30,2.498,2.498
10576,28,2.493,2.483
10577,28,2.493,2.488
10579,28,2.483,2.483
10580,28,2.488,2.483
10581,28,,2.483
10588,28,2.502,2.498
10589,28,2.502,2.502
10591,28,2.498,2.493
10592,28,2.498,2.493
10598,31,2.488,2.488
10600,31,2.483,2.478
10601,31,2.488,2.483
10603,31,2.493,2.483
10604,31,2.493,2.488
10605,31,2.498,2.493
10607,31,2.502,2.498
10608,31,2.502,2.498
10610,31,2.502,2.502
10611,31,2.498,2.498
10613,31,2.498,2.498
10614,31,2.493,2.488
10615,31,2.493,2.488
10620,28,2.488,2.483
10622,28,2.488,2.483
10623,28,2.493,2.488
10625,28,2.493,2.493
10626,28,2.502,2.498
10628,28,2.498,2.498
,28,2.502,2.502
10636,28,2.488,2.483
10638,28,2.493,2.483
10643,31,2.493,2.488
10644,31,2.493,2.493
10646,31,2.498,2.493
10647,31,2.502,2.498
10649,31,2.502,2.502
10650,31,2.502,2.498
10652,31,2.498,2.498
10653,31,2.502,2.493
10654,31,2.493,2.493
10656,31,2.493,2.483
10657,31,2.488,2.483
10659,31,2.483,2.483
10660,31,2.488,2.483
10665,29,2.498,2.493
10667,29,2.502,2.498
10668,29,2.502,2.498
10669,29,2.502,2.498
10671,29,2.502,2.498
10672,29,2.502,2.498
10674,29,2.493,2.493
10675,29,2.493,2.488
10680,29,2.488,2.483
10681,29,2.488,2.483
10683,29,2.488,2.483
10688,31,2.502,2.498
10689,31,2.507,2.502
10691,31,2.498,2.498
10692,31,2.502,2.498
10694,31,2.498,2.493
10703,31,2.493,2.488
10710,29,2.502,2.498
10712,29,2.502,2.498
10713,29,2.498,2.493
10715,29,2.488,2.488
10716,29,2.483,2.478
10718,29,2.488,2.483
10719,29,2.483,2.483
10720,29,2.488,2.483
10723,29,2.488,2.483
10724,29,2.493,2.493
10726,29,2.498,2.493
10727,29,2.502,2.498
10728,29,2.502,2.498
10733,31,2.498,2.493
10746,31,2.498,2.493
10747,31,2.502,2.498
10748,31,2.502,2.502
10750,31,2.498,2.498
10751,31,2.498,2.498
10756,29,2.488,2.483
10758,29,2.488,2.483
10759,29,2.488,2.483
10761,29,2.488,2.483
10762,29,2.483,2.488
10763,29,2.498,2.488
10766,29,2.498,2.493
10767,29,2.502,2.498
10769,29,2.502,2.498
10770,29,2.507,2.498
10771,29,2.502,2.498
10773,29,2.502,2.498
10774,29,2.498,2.493
10779,30,2.483,2.483
10781,30,2.488,2.483
10782,30,2.493,2.488
10784,30,2.498,2.488
10785,30,2.493,2.493
10786,30,2.502,2.498
10791,30,2.502,2.493
10792,30,2.502,2.498
10793,30,2.493,2.493
10795,30,2.493,2.488
10796,30,2.488,2.483
10801,32,2.488,2.488
10803,32,2.498,2.493
10804,32,2.493,2.488
10806,32,2.502,2.498
10808,32,2.498,2.498
10809,32,2.502,2.502
10811,32,2.502,2.498
10812,32,2.502,2.498
10814,32,2.493,2.493
10815,32,2.493,2.493
10816,32,2.488,2.483
10818,32,2.493,2.488
10819,32,2.483,2.483
10824,31,2.493,2.488
10826,31,2.498,2.498
10827,31,2.498,2.498
10829,31,2.502,2.502
10830,31,2.502,2.493
10834,31,2.493,2.488
10836,31,2.488,2.488
10837,31,2.493,2.488
10838,31,2.488,2.483
10840,31,2.488,2.483
10841,31,2.488,2.488
10846,29,2.502,2.498
10848,29,2.502,2.498
10849,29,2.502,2.498
10852,29,2.498,2.498
10853,29,2.498,2.498
10854,29,2.498,2.493
10856,29,2.493,2.488
10857,29,2.488,2.483
10859,29,2.488,2.483
10860,29,2.483,2.483
10861,29,2.493,2.483
10863,29,2.493,2.488
10864,29,2.498,2.488
10869,32,2.507,2.498
10871,32,2.502,2.493
10872,32,2.498,2.498
10874,32,2.498,2.493
10878,32,2.488,2.483
10879,32,2.488,2.483
10881,32,2.488,2.483
10882,32,2.488,2.483
10883,32,2.498,2.488
10885,32,2.498,2.493
10886,32,2.502,2.498
10891,33,2.502,2.498
10894,33,2.498,2.493
10895,33,2.493,2.488
10897,33,2.493,2.483
10898,33,2.493,2.488
10899,33,2.488,2.478
10901,33,2.488,2.483
10902,33,2.488,2.488
10915,31,2.493,2.488
10919,31,2.483,2.483
10920,31,2.488,2.483
10922,31,2.488,2.483
10923,31,2.493,2.493
10925,31,2.498,2.493
10926,31,2.502,2.498
10927,31,2.502,2.498
10932,31,2.502,2.498
10938,31,2.493,2.488
10939,31,2.488,2.483
10940,31,2.488,2.483
10942,31,2.488,2.483
10943,31,2.493,2.488
10945,31,2.498,2.493
10946,31,2.502,2.498
10948,31,2.498,2.493
10949,31,2.502,2.502
10950,31,2.502,2.498
10952,31,2.502,2.498
10953,31,2.493,2.488
10955,31,2.493,2.493
10960,29,2.488,2.483
10961,29,2.488,2.483
10963,29,2.493,2.488
10964,29,2.493,2.488
10965,29,2.498,2.493
10967,29,2.502,2.498
10968,29,2.502,2.502
10970,29,2.502,2.498
10971,29,2.502,2.493
10972,29,2.493,2.493
10977,29,2.488,2.483
10983,30,2.488,2.488
10984,30,2.493,2.493
10986,30,2.498,2.493
10987,30,2.502,2.498
10988,30,2.502,2.498
10990,30,2.502,2.498
10991,30,2.498,2.493
10993,30,2.498,2.498
10994,30,2.498,2.493
10995,30,2.493,2.488
10997,30,2.488,2.483
10998,30,2.488,2.483
11000,30,2.488,2.483
11005,33,2.498,2.493
11006,33,2.502,2.498
11008,33,2.498,2.493
11009,33,2.502,2.498
11010,33,2.498,2.498
11012,33,2.498,2.498
11013,33,2.493,2.493
11015,33,2.493,2.493
11016,33,2.488,2.483
11020,33,2.493,2.483
11023,33,2.493,2.483
11028,31,2.498,2.493
11029,31,2.502,2.502
11031,31,2.498,2.498
11032,31,2.498,2.498
11033,31,2.493,2.488
11035,31,2.498,2.493
11036,31,2.488,2.483
11038,31,2.493,2.488
11039,31,2.488,2.478
11040,31,2.488,2.488
11042,31,2.488,2.488
11043,31,2.493,2.493
11045,31,2.498,2.493
11050,30,2.502,2.502
11051,30,2.502,2.498
11053,30,2.493,2.493
11054,30,2.493,2.493
11055,30,2.488,2.483
11057,30,2.493,2.488
11058,30,2.483,2.483
11060,30,2.488,2.483
11065,30,2.498,2.493
11066,30,2.498,2.498
11068,30,2.498,2.493
11073,31,2.498,2.488
11074,31,2.493,2.493
11076,31,2.488,2.488
11077,31,2.493,2.488
11078,31,2.488,2.483
11080,31,2.488,2.483
11081,31,2.488,2.488
11083,31,2.493,2.488
11084,31,2.498,2.488
11086,31,2.498,2.493
11087,31,2.502,2.493
11088,31,2.502,2.498
11090,31,2.502,2.498
11095,29,2.498,2.493
11096,29,2.493,2.483
11098,29,2.488,2.483
11099,29,2.493,2.483
11100,29,2.493,2.488
11102,29,2.493,2.488
11112,29,2.498,2.493
11120,33,2.493,2.488
11124,33,2.498,2.493
11125,33,2.498,2.493
11127,33,2.498,2.498
11128,33,2.502,2.498
11130,33,2.502,2.498
11131,33,2.502,2.498
11132,33,2.498,2.493
11134,33,2.493,2.493
11135,33,2.488,2.488
11140,30,2.493,2.483
11142,30,2.493,2.483
11143,30,2.493,2.488
11145,30,2.498,2.493
11146,30,2.502,2.498
11147,30,2.502,2.498
11150,30,2.502,2.498
11151,30,2.502,2.498
11153,30,2.493,2.498
11154,30,2.493,2.493
11155,30,2.493,2.488
11157,30,2.493,2.483
11158,30,2.488,2.483
11163,32,2.498,2.493
11168,32,2.498,2.493
11169,32,2.502,2.498
11170,32,2.498,2.498
11172,32,2.502,2.498
11173,32,2.498,2.493
11175,32,2.498,2.493
11176,32,2.488,2.483
11177,32,2.493,2.483
11179,32,2.483,2.483
11180,32,2.488,2.483
11185,33,2.507,2.498
11187,33,2.498,2.493
11188,33,2.502,2.502
11190,33,2.502,2.498
11192,33,2.498,2.498
11193,33,2.493,2.493
11195,33,2.493,2.493
11196,33,2.488,2.488
11198,33,2.488,2.483
11199,33,2.483,2.483
11200,33,2.493,2.483
11202,33,2.493,2.483
11203,33,2.493,2.493
11211,33,2.498,2.498
11213,33,2.502,2.493
11214,33,2.493,2.493
11215,33,2.488,2.493
11217,33,2.493,2.488
11218,33,2.488,2.483
11220,33,2.488,2.488
11221,33,2.493,2.488
11222,33,2.493,2.483
11224,33,2.493,2.493
11225,33,2.507,2.498
11230,32,2.498,2.493
11232,32,2.498,2.498
11233,32,2.493,2.488
11236,32,2.493,2.483
11237,32,2.488,2.483
11238,32,2.488,2.483
11240,32,2.488,2.478
11241,32,2.493,2.488
11243,32,2.493,2.483
11244,32,2.493,2.493
11245,32,2.498,2.498
11247,32,2.502,2.498
11255,31,2.493,2.488
11256,31,2.488,2.483
11258,31,2.493,2.483
11259,31,2.488,2.483
11260,31,2.493,2.483
11262,31,2.493,2.483
11263,31,2.498,2.493
11265,31,2.493,2.493
11266,31,2.502,2.502
11267,31,2.502,2.498
11269,31,2.498,2.502
11270,31,2.502,2.502
11272,31,2.498,2.498
11278,33,2.493,2.483
11279,33,2.488,2.483
11281,33,2.488,2.483
11282,33,2.493,2.483
11283,33,2.498,2.498
11285,33,2.493,2.493
11286,33,2.498,2.502
11288,33,2.502,2.493
11289,33,2.507,2.502
11290,33,2.502,2.498
11292,33,2.502,2.498
11300,29,2.493,2.483
11301,29,2.488,2.483
11303,29,2.488,2.488
11304,29,2.498,2.493
11305,29,2.502,2.498
11315,29,2.493,2.488
11323,30,2.493,2.488
11325,30,2.498,2.493
11326,30,2.502,2.493
11327,30,2.498,2.498
11329,30,2.502,2.502
11330,30,2.502,2.498
11332,30,2.502,2.493
11333,30,2.498,2.493
11334,30,2.498,2.488
11336,30,2.483,2.483
11337,30,2.488,2.493
11339,30,2.483,2.478
11344,31,2.498,2.488
11345,31,2.502,2.493
11347,31,2.498,2.498
11348,31,2.502,2.498
11349,31,2.502,2.498
11354,31,2.498,2.488
11355,31,2.488,2.483
11356,31,2.483,2.483
11358,31,2.483,2.478
11359,31,2.493,2.483
11361,31,2.493,2.488
11363,31,2.493,2.488
11368,33,2.502,2.498
11370,33,2.498,2.493
11371,33,2.498,2.493
11372,33,2.502,2.493
11374,33,2.493,2.488
11375,33,2.493,2.488
11377,33,2.488,2.488
11378,33,2.483,2.483
11379,33,2.488,2.488
11381,33,2.493,2.483
11382,33,2.488,2.488
11384,33,2.493,2.488
11385,33,2.498,2.498
11390,33,2.498,2.498
11392,33,2.498,2.493
11393,33,2.493,2.488
11397,33,2.488,2.483
11399,33,2.488,2.483
11400,33,2.488,2.488
11401,33,2.488,2.488
11403,33,2.493,2.493
11404,33,2.498,2.493
11407,33,2.502,2.498
11408,33,2.498,2.498
11413,31,2.498,2.488
11415,31,2.493,2.493
11416,31,2.488,2.488
11417,31,2.493,2.488
11419,31,2.488,2.483
11420,31,2.488,2.483
11422,31,2.488,2.488
11423,31,2.493,2.488
11425,31,2.493,2.493
11426,31,2.502,2.498
11427,31,2.498,2.493
11429,31,2.502,2.502
11430,31,2.498,2.498
11435,34,2.493,2.483
11437,34,2.493,2.483
11441,34,2.493,2.488
11442,34,2.498,2.488
11444,34,2.498,2.493
11445,34,2.498,2.498
11446,34,2.498,2.493
11449,34,2.502,2.498
11450,34,2.502,2.498
11452,34,2.498,2.498
11453,34,2.498,2.493
11458,30,2.483,2.483
11460,30,2.493,2.483
11461,30,2.493,2.483
11462,30,2.493,2.488
11464,30,2.498,2.493
11465,30,2.498,2.493
11467,30,2.498,2.498
11468,30,2.502,2.498
11470,30,2.498,2.493
11471,30,2.502,2.493
11472,30,2.498,2.498
11474,30,2.493,2.488
11475,30,2.493,2.488
11480,34,2.493,2.488
11482,34,2.488,2.488
11495,34,2.493,2.488
11496,34,2.488,2.483
11498,34,2.493,2.488
11503,32,2.493,2.488
11504,32,2.493,2.493
11506,32,2.498,2.498
11507,32,2.498,2.493
11508,32,2.502,2.498
11510,32,2.498,2.493
11511,32,2.498,2.493
11513,32,2.498,2.493
11514,32,2.498,2.493
11517,32,2.483,2.483
11519,32,2.493,2.483
11520,32,2.488,2.483
11525,32,2.498,2.498
11527,32,2.498,2.493
11528,32,2.502,2.498
11530,32,2.498,2.498
11531,32,2.498,2.493
11532,32,2.493,2.488
11535,32,2.498,2.493
11536,32,2.493,2.483
11540,32,2.493,2.483
11542,32,2.493,2.488
11543,32,2.498,2.488
11548,30,2.502,2.498
11550,30,2.498,2.493
11551,30,2.498,2.498
11553,30,2.498,2.493
11554,30,2.493,2.488
11555,30,2.493,2.483
11557,30,2.493,2.483
11558,30,2.488,2.483
11560,30,2.488,2.483
11561,30,2.488,2.488
11562,30,2.493,2.493
11564,30,2.493,2.493
11565,30,2.498,2.498
11570,32,2.502,2.493
11572,32,2.498,2.498
11573,32,2.493,2.488
11576,32,2.488,2.488
11577,32,2.488,2.488
11578,32,2.483,2.478
11580,32,2.483,2.483
11584,32,2.493,2.488
11585,32,2.498,2.498
11587,32,2.498,2.498
11588,32,2.507,2.502
11593,35,2.498,2.493
11595,35,2.493,2.488
11596,35,2.488,2.483
11598,35,2.488,2.483
11599,35,2.483,2.483
11600,35,2.488,2.483
11602,35,2.488,2.483
11603,35,2.493,2.493
11605,35,2.498,2.493
11606,35,2.502,2.498
11607,35,2.502,2.498
11609,35,2.502,2.498
11610,35,2.498,2.498
11615,32,2.488,2.483
11617,32,2.488,2.483
11619,32,2.483,2.478
11621,32,2.483,2.483
11622,32,2.488,2.483
11623,32,2.488,2.488
11625,32,2.498,2.493
11629,32,2.507,2.498
11630,32,2.502,2.493
11632,32,2.502,2.498
11633,32,2.498,2.493
11638,32,2.483,2.478
11640,32,2.483,2.483
11641,32,2.488,2.483
11643,32,2.493,2.488
11644,32,2.498,2.493
11645,32,2.502,2.498
11647,32,2.498,2.498
11648,32,2.507,2.502
11650,32,2.502,2.498
11651,32,2.498,2.498
11652,32,2.498,2.493
11654,32,2.498,2.493
11655,32,2.488,2.483
11660,32,2.493,2.488
11663,32,2.488,2.483
11664,32,2.493,2.488
11666,32,2.502,2.502
11667,32,2.498,2.493
11668,32,2.507,2.498
11673,32,2.498,2.488
11674,32,2.498,2.493
11675,32,2.483,2.483
11677,32,2.488,2.483
11678,32,2.483,2.483
11683,32,2.498,2.493
11685,32,2.498,2.493
11686,32,2.502,2.498
11688,32,2.502,2.498
11689,32,2.502,2.498
11690,32,2.498,2.493
11692,32,2.502,2.498
11693,32,2.498,2.493
11695,32,2.493,2.488
11696,32,2.488,2.483
11697,32,2.483,2.473
11699,32,2.488,2.483
11700,32,2.488,2.483
11706,30,2.502,2.498
11716,30,2.488,2.483
11720,30,2.488,2.483
11721,30,2.488,2.483
11722,30,2.493,2.483
11730,29,2.502,2.493
11732,29,2.502,2.498
11733,29,2.493,2.493
11734,29,2.493,2.488
11736,29,2.488,2.483
11737,29,2.483,2.483
11739,29,2.488,2.483
11740,29,2.493,2.488
11742,29,2.488,2.478
11743,29,2.498,2.488
11744,29,2.498,2.493
11747,29,2.502,2.498
11752,29,2.502,2.498
11753,29,2.498,2.493
11755,29,2.493,2.488
11756,29,2.483,2.483
11758,29,2.488,2.483
11759,29,2.483,2.483
11760,29,2.488,2.483
11762,29,2.483,2.483
11763,29,2.493,2.493
11765,29,2.498,2.493
11766,29,2.502,2.498
11774,30,2.498,2.493
11775,30,2.488,2.483
11777,30,2.493,2.483
11778,30,2.483,2.478
11779,30,2.483,2.483
11781,30,2.488,2.483
11782,30,2.498,2.488
11784,30,2.493,2.493
11785,30,2.502,2.498
11787,30,2.498,2.493
11788,30,2.507,2.502
11790,30,2.502,2.498
11792,30,2.502,2.502
11797,32,2.488,2.488
11798,32,2.483,2.483
11800,32,2.488,2.483
11801,32,2.493,2.483
11802,32,2.488,2.488
11804,32,2.493,2.493
11805,32,2.502,2.498
11807,32,2.498,2.498
11808,32,2.507,2.502
11810,32,2.502,2.498
11811,32,2.502,2.493
11819,30,2.488,2.488
11820,30,2.493,2.488
11822,30,2.488,2.488
11823,30,2.498,2.488
11824,30,2.498,2.493
11826,30,2.498,2.498
11827,30,2.507,2.502
11829,30,2.502,2.498
11830,30,2.502,2.498
11832,30,2.502,2.498
11834,30,2.498,2.493
11835,30,2.493,2.488
11837,30,2.493,2.483
11838,30,2.483,2.478
11843,33,2.502,2.488
11845,33,2.498,2.488
11846,33,2.502,2.498
11847,33,2.507,2.502
11849,33,2.498,2.502
11850,33,2.502,2.498
11852,33,2.502,2.498
11853,33,2.493,2.493
11854,33,2.493,2.488
11859,33,2.483,2.483
11860,33,2.488,2.483
11865,29,2.502,2.498
11867,29,2.502,2.493
11868,29,2.507,2.502
11869,29,2.502,2.498
11871,29,2.502,2.498
11872,29,2.493,2.493
11875,29,2.493,2.488
11876,29,2.483,2.488
11877,29,2.488,2.483
11879,29,2.483,2.478
11880,29,2.483,2.483
11882,29,2.488,2.483
11883,29,2.493,2.488
11888,31,2.507,2.502
11890,31,2.502,2.498
11891,31,2.498,2.493
11892,31,2.502,2.493
11894,31,2.493,2.488
11895,31,2.483,2.483
11897,31,2.488,2.488
11898,31,2.483,2.478
11902,31,2.488,2.488
11904,31,2.493,2.493
11905,31,2.502,2.498
11919,32,2.488,2.483
11923,32,2.488,2.483
11924,32,2.498,2.488
11926,32,2.502,2.498
11927,32,2.498,2.493
11928,32,2.507,2.502
11934,33,2.498,2.493
11935,33,2.488,2.483
11936,33,2.488,2.488
11938,33,2.483,2.478
11939,33,2.488,2.483
11941,33,2.488,2.488
11942,33,2.493,2.488
11943,33,2.498,2.488
11945,33,2.498,2.493
11946,33,2.502,2.493
11948,33,2.502,2.502
11949,33,2.502,2.498
11951,33,2.498,2.498
11956,32,2.488,2.483
11961,32,2.488,2.488
11962,32,2.493,2.493
11964,32,2.493,2.488
11965,32,2.498,2.493
11966,32,2.502,2.493
11968,32,2.507,2.502
11969,32,2.498,2.493
11971,32,2.498,2.498
11972,32,2.498,2.493
11973,32,2.498,2.488
11979,33,2.483,2.483
11980,33,2.488,2.483
11981,33,2.488,2.483
11983,33,2.493,2.488
11984,33,2.498,2.493
11986,33,2.502,2.498
11987,33,2.502,2.498
11988,33,2.502,2.498
11990,33,2.502,2.493
11991,33,2.502,2.498
11993,33,2.493,2.493
11994,33,2.498,2.488
11996,33,2.488,2.483
12001,28,2.493,2.488
12006,28,2.502,2.493
12007,28,2.502,2.493
12009,28,2.507,2.502
12010,28,2.502,2.498
12011,28,2.502,2.498
12013,28,2.498,2.493
12014,28,2.493,2.493
12016,28,2.493,2.483
12017,28,2.493,2.488
12018,28,2.488,2.478
12024,30,2.498,2.493
12025,30,2.502,2.498
12026,30,2.502,2.498
12028,30,2.502,2.498
12029,30,2.502,2.493
12031,30,2.502,2.498
12032,30,2.498,2.493
12033,30,2.498,2.488
12035,30,2.488,2.483
12036,30,2.488,2.488
12038,30,2.483,2.483
12039,30,2.488,2.483
12041,30,2.488,2.483
12049,30,2.502,2.498
12051,30,2.502,2.498
12052,30,2.502,2.493
12054,30,2.498,2.493
12055,30,2.493,2.483
12056,30,2.488,2.483
12058,30,2.483,2.478
12059,30,2.488,2.483
12061,30,2.493,2.483
12062,30,2.493,2.488
12063,30,2.498,2.488
12069,31,2.507,2.498
12070,31,2.502,2.498
12071,31,2.502,2.493
12073,31,2.493,2.493
12074,31,2.493,2.488
12076,31,2.483,2.483
12077,31,2.483,2.483
12078,31,2.488,2.478
12080,31,2.488,2.483
12081,31,2.488,2.483
12083,31,2.493,2.493
12084,31,2.493,2.493
12093,29,2.498,2.493
12094,29,2.493,2.488
12096,29,2.488,2.483
12097,29,2.488,2.488
12099,29,2.483,2.483
12100,29,2.483,2.483
12101,29,2.488,2.483
12103,29,2.493,2.493
12104,29,2.498,2.493
12106,29,2.502,2.498
12119,32,2.488,2.483
12123,32,2.493,2.488
12124,32,2.498,2.493
12125,32,2.502,2.498
12127,32,2.502,2.498
12128,32,2.502,2.498
12131,32,2.502,2.498
12132,32,2.502,2.502
12137,31,2.493,2.488
12139,31,2.483,2.478
12140,31,2.488,2.483
12141,31,2.488,2.488
12143,31,2.498,2.488
12144,31,2.493,2.493
12148,31,2.507,2.502
12150,31,2.502,2.498
12151,31,2.502,2.498
12152,31,2.498,2.493
12154,31,2.498,2.493
12159,27,2.493,2.488
12160,27,2.488,2.488
12162,27,2.493,2.488
12163,27,2.493,2.493
12165,27,2.502,2.498
12166,27,2.498,2.498
12168,27,2.507,2.502
12169,27,2.507,2.498
12170,27,2.502,2.498
12172,27,2.502,2.493
12174,27,2.493,2.488
12176,27,2.488,2.483
12177,27,2.493,2.488
12182,30,2.488,2.488
12183,30,2.493,2.493
12185,30,2.498,2.493
12186,30,2.498,2.498
12188,30,2.502,2.502
12192,30,2.502,2.493
12193,30,2.498,2.488
12195,30,2.493,2.488
12196,30,2.493,2.483
12198,30,2.488,2.483
12199,30,2.488,2.488
12204,32,2.498,2.493
12205,32,2.507,2.498
12207,32,2.502,2.498
12208,32,2.507,2.498
12210,32,2.502,2.493
12211,32,2.502,2.498
12212,32,2.493,2.488
12214,32,2.493,2.488
12216,32,2.488,2.483
12218,32,2.488,2.483
12219,32,2.488,2.483
12221,32,2.493,2.488
12222,32,2.493,2.488
12227,27,2.502,2.493
12228,27,2.502,2.502
12230,27,2.502,2.498
12231,27,2.502,2.498
12244,27,2.498,2.493
12249,30,2.502,2.498
12250,30,2.502,2.498
12252,30,2.498,2.493
12253,30,2.498,2.493
12254,30,2.488,2.488
12256,30,2.488,2.483
12257,30,2.483,2.488
12260,30,2.488,2.483
12261,30,2.493,2.488
12262,30,2.493,2.488
12264,30,2.498,2.488
12265,30,2.498,2.498
12267,30,2.498,2.498
12272,33,2.502,2.493
12273,33,2.493,2.493
12275,33,2.493,2.493
12276,33,2.488,2.488
12277,33,2.483,2.478
12279,33,2.493,2.488
12280,33,2.493,2.483
12282,33,2.488,2.483
12283,33,2.493,2.493
12287,33,2.507,2.502
12289,33,2.498,2.498
12290,33,2.502,2.498
12295,27,2.488,2.483
12297,27,2.488,2.483
12298,27,2.488,2.488
12299,27,2.488,2.488
12302,27,2.488,2.483
12303,27,2.498,2.493
12305,27,2.498,2.493
12306,27,2.502,2.498
12307,27,2.507,2.502
12309,27,2.502,2.498
12310,27,2.502,2.498
12312,27,2.502,2.502
12313,27,2.493,2.493
12318,31,2.483,2.478
12327,31,2.502,2.498
12331,31,2.502,2.498
12333,31,2.498,2.493
12334,31,2.493,2.488
12339,29,2.488,2.483
12341,29,2.488,2.488
12342,29,2.498,2.493
12347,29,2.498,2.498
12349,29,2.507,2.502
12350,29,2.502,2.502
12351,29,2.502,2.498
12353,29,2.498,2.493
12354,29,2.493,2.488
12356,29,2.483,2.483
12357,29,2.493,2.488
12362,30,2.498,2.493
12364,30,2.498,2.493
12365,30,2.498,2.498
12366,30,2.498,2.493
12368,30,2.498,2.498
12369,30,2.498,2.493
12371,30,2.498,2.493
12372,30,2.498,2.488
12374,30,2.493,2.488
12375,30,2.493,2.488
12376,30,2.493,2.488
12378,30,2.488,2.488
12379,30,2.493,2.488
12384,30,2.498,2.493
12387,30,2.498,2.493
12391,30,2.498,2.493
12392,30,2.493,2.493
12394,30,2.498,2.493
12395,30,2.493,2.488
12396,30,2.498,2.488
12398,30,2.488,2.483
12399,30,2.493,2.488
12401,30,2.493,2.488
12402,30,2.493,2.488
12404,30,2.493,2.493
12409,31,2.498,2.493
12410,31,2.498,2.493
12411,31,2.498,2.493
12413,31,2.493,2.493
12414,31,2.493,2.488
12416,31,2.488,2.483
12417,31,2.488,2.483
12419,31,2.493,2.488
12420,31,2.493,2.488
12421,31,2.493,2.488
12423,31,2.498,2.493
12424,31,2.502,2.493
12426,31,2.498,2.493
12434,31,2.498,2.488
12436,31,2.488,2.483
12437,31,2.493,2.483
12439,31,2.493,2.488
12440,31,2.493,2.488
12442,31,2.493,2.483
12443,31,2.498,2.493
12444,31,2.498,2.493
12446,31,2.502,2.498
12447,31,2.498,2.498
12449,31,2.498,2.498
12454,28,2.493,2.493
12455,28,2.488,2.483
12457,28,2.493,2.488
12458,28,2.488,2.483
12459,28,2.493,2.488
12461,28,2.493,2.488
12462,28,2.498,2.488
12464,28,2.493,2.493
12465,28,2.502,2.498
12466,28,2.498,2.498
12468,28,2.498,2.498
12469,28,2.498,2.498
12478,30,2.493,2.488
12480,30,2.488,2.483
12481,30,2.493,2.488
12482,30,2.493,2.488
12484,30,2.498,2.493
12485,30,2.502,2.493
12487,30,2.498,2.493
12488,30,2.507,2.493
12489,30,2.498,2.493
12491,30,2.498,2.493
12492,30,2.493,2.488
12494,30,2.498,2.493
12499,34,2.493,2.488
12500,34,2.488,2.488
12502,34,2.493,2.488
12503,34,2.498,2.493
12504,34,2.502,2.493
12506,34,2.498,2.498
12507,34,2.507,2.498
12509,34,2.498,2.502
12510,34,2.502,2.498
12511,34,2.498,2.498
12513,34,2.498,2.493
12515,34,2.488,2.483
12531,31,2.498,2.493
12535,31,2.493,2.488
12536,31,2.493,2.488
12538,31,2.488,2.488
12539,31,2.493,2.488
12544,31,2.498,2.493
12546,31,2.498,2.493
12547,31,2.498,2.493
12548,31,2.498,2.493
12550,31,2.498,2.493
12551,31,2.498,2.493
12553,31,2.498,2.493
12554,31,2.493,2.488
12556,31,2.493,2.488
12558,31,2.493,2.488
12559,31,2.493,2.488
12561,31,2.493,2.488
12562,31,2.493,2.488
12567,30,2.502,2.498
12569,30,2.498,2.493
12570,30,2.498,2.493
12571,30,2.498,2.493
12573,30,2.498,2.493
12577,30,2.493,2.488
12578,30,2.493,2.488
12580,30,2.493,2.488
12581,30,2.493,2.488
12583,30,2.498,2.493
12584,30,2.498,2.493
12589,32,2.502,2.493
12591,32,2.498,2.493
12592,32,2.498,2.493
12593,32,2.498,2.493
12595,32,2.493,2.488
12596,32,2.493,2.488
12598,32,2.493,2.488
12600,32,2.493,2.488
12602,32,2.488,2.488
12603,32,2.493,2.493
12604,32,2.498,2.493
12606,32,2.498,2.493
12607,32,2.498,2.493
12612,32,2.498,2.493
12614,32,2.498,2.493
12615,32,2.493,2.488
12617,32,2.493,2.488
12621,32,2.493,2.488
12622,32,2.493,2.493
12624,32,2.498,2.493
12625,32,2.498,2.493
12626,32,2.498,2.493
12628,32,2.498,2.493
12629,32,2.498,2.493
12634,29,2.493,2.488
12636,29,2.493,2.488
12637,29,2.493,2.488
12639,29,2.493,2.488
12640,29,2.493,2.488
12641,29,2.493,2.488
12644,29,2.493,2.493
12645,29,2.498,2.493
12647,29,2.498,2.493
12648,29,2.498,2.498
12649,29,2.498,2.493
12651,29,2.498,2.493
12652,29,2.493,2.488
12657,30,2.493,2.488
12659,30,2.493,2.488
12660,30,2.493,2.488
12662,30,2.493,2.488
12666,30,2.498,2.493
12667,30,2.498,2.498
12669,30,2.498,2.493
12670,30,2.498,2.493
12671,30,2.498,2.493
12673,30,2.493,2.493
12674,30,2.493,2.488
12679,31,2.493,2.488
12681,31,2.493,2.488
12682,31,2.493,2.493
12684,31,2.498,2.493
12686,31,2.498,2.493
12687,31,2.498,2.493
12689,31,2.498,2.493
12690,31,2.498,2.493
12692,31,2.498,2.493
12693,31,2.498,2.493
12694,31,2.493,2.488
12696,31,2.493,2.488
12697,31,2.493,2.488
12702,30,2.498,2.493
12704,30,2.498,2.493
12705,30,2.498,2.493
12709,30,2.498,2.493
12711,30,2.498,2.493
12712,30,2.498,2.493
12714,30,2.498,2.488
12715,30,2.493,2.488
12716,30,2.493,2.488
12718,30,2.493,2.488
12732,32,2.498,2.493
12736,32,2.493,2.488
12737,32,2.493,2.488
12739,32,2.493,2.488
12740,32,2.493,2.488
12741,32,2.493,2.488
12743,32,2.493,2.493
12748,30,2.502,2.498
12749,30,2.498,2.498
12751,30,2.498,2.493
12752,30,2.493,2.493
12754,30,2.498,2.493
12755,30,2.493,2.488
12756,30,2.493,2.488
12758,30,2.493,2.488
12759,30,2.493,2.488
12763,30,2.493,2.493
12765,30,2.498,2.493
12771,28,2.498,2.493
12772,28,2.498,2.493
12774,28,2.493,2.493
12775,28,2.493,2.488
12777,28,2.493,2.488
12778,28,2.493,2.488
12779,28,2.493,2.488
12781,28,2.493,2.488
12782,28,2.498,2.493
12784,28,2.493,2.493
12785,28,2.498,2.493
12786,28,2.498,2.493
12788,28,2.502,2.493
12793,32,2.498,2.493
12794,32,2.493,2.493
12796,32,2.493,2.488
12797,32,2.493,2.488
12799,32,2.493,2.488
12800,32,2.493,2.488
12801,32,2.493,2.488
12803,32,2.498,2.493
12807,32,2.512,2.502
12808,32,2.498,2.493
12810,32,2.498,2.493
12816,32,2.493,2.488
12817,32,2.493,2.488
12819,32,2.493,2.493
12820,32,2.493,2.488
12822,32,2.493,2.488
12823,32,2.498,2.493
12824,32,2.498,2.493
12826,32,2.498,2.493
12827,32,2.498,2.493
12829,32,2.498,2.493
12830,32,2.498,2.493
12831,32,2.498,2.493
12833,32,2.498,2.493
12838,31,2.493,2.488
12839,31,2.493,2.488
12841,31,2.493,2.488
12842,31,2.493,2.493
12844,31,2.498,2.493
12845,31,2.498,2.493
12846,31,2.498,2.493
12848,31,2.498,2.493
12852,31,2.498,2.493
12853,31,2.493,2.488
12856,31,2.493,2.488
12861,33,2.493,2.488
12862,33,2.493,2.493
12864,33,2.493,2.493
12865,33,2.498,2.493
12867,33,2.498,2.493
12868,33,2.502,2.493
12869,33,2.498,2.493
12871,33,2.498,2.493
12872,33,2.498,2.493
12874,33,2.493,2.493
12875,33,2.493,2.488
12876,33,2.493,2.488
12878,33,2.493,2.488
12883,30,2.498,2.493
12884,30,2.498,2.493
12886,30,2.498,2.493
12887,30,2.498,2.493
12889,30,2.498,2.493
12890,30,2.498,2.493
12891,30,2.493,2.493
12896,30,2.493,2.488
12897,30,2.493,2.488
12899,30,2.493,2.488
12901,30,2.493,2.488
12906,29,2.498,2.493
12907,29,2.498,2.493
12909,29,2.498,2.493
12910,29,2.498,2.493
12912,29,2.498,2.488
12913,29,2.498,2.493
12914,29,2.493,2.488
12916,29,2.493,2.488
12917,29,2.493,2.488
12919,29,2.493,2.488
