time_ms,ax,ay,az,gx,gy,gz
62,10.102,-0.587,0.503,-3.298,0.366,-0.687
112,10.021,-0.393,0.498,-3.313,1.122,-0.855
162,10.095,-0.75,0.405,-3.366,0.198,-0.817
212,10.109,-0.503,0.51,-3.519,1.107,-1.695
263,10.028,-0.266,0.486,-3.382,0.527,-0.168
312,10.033,-0.757,0.366,-3.328,1.519,-0.458
362,10.05,-0.544,0.644,-3.267,0.344,-1.176
412,10.057,-0.498,0.436,-3.221,0.252,-1.282
462,10.014,-0.407,0.453,-3.366,1.16,-0.824
513,10.064,-0.558,0.457,-3.313,0.901,-0.519
563,10.04,-0.599,0.556,-3.359,0.74,-1.336
612,9.994,-0.527,0.417,-3.313,0.527,-1.115
662,10.093,-0.548,0.386,-3.198,1.053,-0.931
712,10.059,-0.592,0.481,-3.076,0.947,-0.817
762,9.999,-0.56,0.539,-3.305,0.565,-1.26
813,10.054,-0.465,0.419,-3.45,0.817,-0.969
863,10.03,-0.556,0.481,-3.313,0.84,-0.939
912,10.054,-0.536,0.455,-3.466,0.847,-0.87
962,10.054,-0.479,0.479,-3.145,0.641,-1.092
1012,10.097,-0.553,0.441,-3.45,0.756,-0.763
1062,10.095,-0.544,0.534,-3.183,0.786,-0.817
1113,9.987,-0.563,0.467,-3.382,0.771,-1.023
1163,10.071,-0.508,0.477,-3.351,0.794,-1.076
1212,10.097,-0.534,0.493,-3.42,0.794,-0.969
1262,10.071,-0.632,0.489,-3.359,0.641,-0.947
1312,10.059,-0.553,0.52,-3.382,0.519,-1.13
1362,10.064,-0.589,0.496,-3.237,0.847,-1.038
1413,10.071,-0.58,0.503,-3.344,0.763,-1.099
1463,10.04,-0.572,0.46,-3.191,0.725,-0.969
1513,10.016,-0.534,0.422,-3.252,0.824,-0.962
1563,10.047,-0.553,0.479,-3.359,0.748,-1.0
1613,10.028,-0.611,0.493,-3.397,0.779,-0.84
1664,10.014,-0.529,0.436,-3.282,0.809,-0.87
1714,9.966,-0.536,0.527,-3.359,0.855,-0.939
1763,10.107,-0.525,0.465,-3.191,0.672,-0.916
1813,10.136,-0.556,0.462,-3.374,0.634,-1.0
1863,10.05,-0.577,0.436,-3.397,0.702,-1.076
1913,10.133,-0.551,0.422,-3.275,0.779,-0.939
1964,10.071,-0.503,0.51,-3.382,0.802,-0.962
2014,10.042,-0.539,0.505,-3.305,0.779,-1.053
2063,10.064,-0.534,0.457,-3.206,0.718,-0.962
2113,9.999,-0.594,0.493,-3.336,0.733,-0.817
2163,10.215,-0.877,-0.398,-3.84,1.664,-0.916
2213,10.004,-0.651,0.584,-3.145,-0.45,-1.313
2264,10.064,-0.462,0.453,-3.267,0.534,-1.214
2314,10.157,-0.56,0.577,-3.267,-0.298,-1.344
2363,10.069,-0.208,0.601,-3.229,0.702,-0.901
2413,10.121,-0.51,0.536,-3.389,1.076,-0.885
2463,10.016,-0.443,-1.329,-2.71,2.924,-0.748
2513,10.047,-0.429,0.905,-3.328,0.099,-0.16
2564,10.018,-0.697,0.431,-3.244,0.382,-0.954
2614,10.073,-0.805,0.244,-3.305,1.305,-2.008
2663,10.052,0.041,1.025,-3.412,0.679,-1.389
2713,9.935,-1.061,-0.12,-3.29,-0.58,-1.427
2763,10.038,0.007,0.417,-3.603,1.534,0.153
2813,10.081,-0.812,0.433,-3.206,1.824,1.267
2864,10.021,-0.819,0.568,-3.29,0.893,-1.405
2914,10.03,-0.45,0.536,-3.374,-0.672,-2.061
2964,10.093,-0.431,0.216,-3.557,0.87,-1.427
3014,10.102,-0.386,0.539,-3.321,1.573,0.008
3064,9.994,-0.692,0.527,-3.252,0.702,-0.145
3115,10.152,-0.644,0.457,-3.267,0.656,-1.885
3165,10.076,-0.304,0.412,-3.168,0.115,-1.221
3214,10.09,-0.548,0.46,-3.374,1.107,-0.565
3264,10.04,-0.592,0.522,-3.26,1.092,-0.595
3314,10.107,-0.666,0.448,-3.397,0.45,-1.221
3364,10.105,-0.493,0.457,-3.214,0.58,-1.244
3415,9.978,-0.347,0.419,-3.305,0.824,-0.214
3465,10.009,-0.592,0.443,-3.382,0.71,-0.595
3514,10.054,-0.594,0.417,-3.435,0.87,-1.855
3564,10.093,-0.374,0.659,-3.321,0.534,-1.29
3614,10.083,-0.683,0.256,-3.42,0.031,-0.145
3664,10.018,-0.563,0.539,-3.366,1.771,-1.145
3715,10.078,-0.517,0.513,-3.443,0.435,-1.336
3765,10.081,-0.616,0.295,-3.214,0.382,-1.176
3814,10.057,-0.589,0.63,-3.366,0.954,-1.84
3864,10.064,-0.364,0.486,-3.305,-0.183,-1.885
3914,10.045,-0.618,0.275,-3.405,0.969,0.038
3964,10.081,-0.663,0.709,-3.374,0.672,-0.893
4015,10.045,-0.62,0.23,-3.481,0.527,-1.092
4065,10.071,-0.481,0.635,-3.336,1.252,-1.29
4114,10.117,-0.592,0.445,-3.099,-0.076,-1.565
4164,10.088,-0.261,0.309,-3.267,1.305,-1.489
4214,10.078,-0.582,0.644,-3.206,0.29,-0.511
4264,10.145,-0.422,0.297,-3.244,0.573,-0.55
4315,10.136,-0.716,0.63,-3.435,1.282,-1.038
4364,10.05,-0.601,0.35,-3.435,0.344,-1.0
4414,9.99,-0.544,0.505,-3.298,0.756,-1.748
4464,10.057,-0.661,0.68,-3.176,0.405,-1.382
4514,10.059,-0.656,0.311,-3.397,0.496,-1.046
4564,10.045,-0.513,0.592,-3.321,-0.305,-1.183
4615,10.047,-0.508,0.345,-3.29,0.221,-0.977
4664,10.095,-0.546,0.611,-3.29,0.458,-1.282
4714,10.042,-0.46,0.422,-3.466,-0.061,-0.847
4764,10.052,-0.354,0.417,-3.275,0.42,-0.603
4814,10.078,-0.62,0.601,-3.466,0.031,-0.687
4865,10.093,-0.556,0.453,-3.519,-0.229,-1.557
4915,10.124,-0.584,0.326,-3.374,-0.397,-2.26
4964,10.052,-0.433,0.342,-3.359,0.634,-2.481
5014,10.038,-0.45,0.414,-3.389,1.542,-1.221
5064,10.045,-0.256,0.228,-3.611,0.985,-0.229
5114,10.009,-0.539,0.414,-3.282,1.824,0.122
5165,10.066,-0.68,0.728,-3.42,0.992,-0.565
5215,9.985,-0.345,0.419,-3.511,0.229,-1.038
5264,10.126,-0.769,0.493,-3.359,0.244,-1.122
5314,10.083,-0.333,0.249,-3.168,0.198,-1.679
5364,10.09,-0.474,0.378,-3.351,-0.061,-1.588
5414,10.057,-0.225,0.271,-3.511,0.351,0.023
5465,10.081,-0.778,0.376,-3.275,0.649,-0.573
5515,10.095,-0.376,0.338,-3.305,0.496,-1.061
5564,10.035,-0.833,0.479,-3.496,-0.206,-1.779
5614,10.088,-0.283,0.359,-3.26,-0.84,-2.466
5664,10.014,-0.546,0.445,-3.664,-0.305,-0.817
5714,10.042,-0.393,0.105,-3.015,-0.443,-0.794
5765,10.052,-0.268,0.242,-3.26,1.954,0.282
5815,10.061,-0.601,0.376,-3.427,2.153,1.061
5865,10.045,-0.525,0.613,-3.275,0.473,-0.916
5915,10.148,-0.735,0.604,-3.573,-1.756,-1.168
5965,9.99,-0.378,0.062,-3.366,-1.863,-2.763
6016,10.078,-0.275,0.151,-3.099,0.588,-0.748
6066,10.059,-0.493,0.16,-3.527,1.687,0.267
6115,10.078,-0.462,0.187,-3.137,3.13,-0.618
6165,10.057,-0.522,0.467,-3.336,2.534,0.458
6215,10.064,-0.642,0.745,-3.397,0.481,-0.763
6265,10.035,-0.601,0.441,-3.26,-0.664,-1.763
6316,10.064,-0.477,0.283,-3.084,-0.969,-1.336
6366,10.004,-0.635,0.366,-3.282,-1.313,-1.229
6415,10.045,-0.606,0.307,-3.244,-0.076,-2.427
6465,10.061,-0.572,0.441,-3.336,-2.0,-3.321
6515,10.124,-0.515,0.594,-3.405,-3.557,-4.611
6565,10.093,-0.563,0.069,-2.924,-4.405,-7.076
6616,10.009,0.204,-0.113,-3.031,1.099,-4.435
6666,10.021,0.316,-0.168,-3.878,1.763,1.74
6715,9.958,-0.163,-0.489,-3.26,7.519,6.015
6765,10.102,-0.695,0.378,-3.229,10.542,6.023
6815,10.107,-0.486,0.527,-3.397,8.137,4.351
6865,9.958,-1.284,1.095,-3.282,3.74,-0.038
6916,10.1,-0.457,1.02,-3.298,-1.115,-3.412
6966,10.078,-0.354,-0.038,-3.42,-2.176,-0.901
7015,10.016,-0.522,-0.038,-3.344,3.145,-0.542
7065,10.081,-0.34,0.85,-3.351,2.061,0.55
7115,10.095,-0.838,0.39,-3.336,-0.489,-0.809
7165,10.081,-0.503,0.335,-3.344,0.779,-2.718
7216,10.066,-0.201,0.484,-3.405,0.481,-0.763
7266,10.109,-0.635,0.287,-3.382,1.145,0.099
7316,9.994,-0.671,0.651,-3.397,1.244,-1.084
7366,10.078,-0.477,0.45,-3.176,-0.023,-1.267
7416,10.085,-0.417,0.319,-3.321,0.702,-1.084
7467,10.085,-0.445,0.431,-3.359,1.084,-0.481
7517,10.09,-0.599,0.493,-3.481,0.786,-0.634
7566,10.045,-0.548,0.522,-3.275,0.687,-1.321
7616,10.083,-0.448,0.46,-3.298,0.473,-0.855
7666,10.152,-0.532,0.414,-3.267,0.939,-0.611
7716,10.035,-0.568,0.491,-3.275,0.901,-0.939
7767,10.018,-0.563,0.486,-3.206,0.489,-0.855
7817,10.04,-0.484,0.383,-3.252,0.649,-1.084
7866,10.078,-0.489,0.505,-3.336,0.855,-0.817
7916,10.04,-0.553,0.467,-3.427,0.893,-0.947
7966,10.023,-0.539,0.505,-3.397,0.45,-0.901
8016,10.081,-0.508,0.412,-3.26,0.87,-0.908
8067,10.117,-0.536,0.4,-3.26,0.87,-0.855
8117,10.038,-0.62,0.51,-3.321,0.802,-1.015
8166,9.987,-0.491,0.704,-3.13,0.435,-2.687
8216,10.148,-0.414,0.177,-3.504,0.374,-2.656
8266,10.191,-0.422,0.599,-3.527,0.191,-1.618
8316,9.958,-1.188,0.819,-3.389,-1.824,5.305
8367,10.023,-0.484,-0.093,-3.695,0.939,-5.229
8417,9.942,-0.798,0.268,-3.382,0.275,1.855
8466,9.966,-1.341,0.644,-3.962,1.687,-2.023
8516,10.227,-1.109,0.611,-3.611,0.817,-10.229
8566,10.107,-0.153,0.742,-4.023,-3.16,-8.534
8616,9.978,0.642,0.496,-3.687,-5.359,-3.809
8667,10.136,-0.443,0.127,-3.015,-4.282,0.038
8716,9.982,0.223,0.256,-3.191,-3.053,2.718
8766,10.081,-0.798,0.405,-4.511,-3.954,3.466
8816,10.069,-0.96,0.053,-0.695,-3.473,-2.55
8866,10.184,-0.002,0.431,15.008,-1.229,-3.565
8916,10.895,-0.117,-0.345,43.206,3.45,-2.26
8967,11.647,0.22,0.436,24.916,9.359,-0.588
9016,11.982,-0.096,0.865,12.786,8.344,0.924
9066,10.653,-0.139,0.826,2.298,5.305,1.939
9116,11.894,-0.041,0.527,50.679,0.344,3.603
9166,12.222,-0.371,0.992,36.695,-1.153,3.046
9217,11.463,-0.939,0.105,15.84,-0.511,-3.626
9267,11.034,-0.211,0.807,54.244,-0.504,-7.183
9316,10.876,-0.479,-0.11,12.282,2.718,-8.046
9366,10.574,-0.723,0.786,45.26,1.794,-11.832
9416,9.702,-1.284,0.687,23.985,1.321,-20.0
9466,8.909,-0.177,1.212,51.038,-8.008,-20.679
9517,8.155,0.331,0.321,3.809,-5.55,-14.489
9567,8.862,0.529,0.467,36.809,-6.214,-2.382
9616,9.377,-0.635,0.081,23.847,3.168,-0.183
9666,10.464,-0.551,0.081,75.366,3.328,-3.878
9716,10.914,-0.798,1.42,44.695,1.977,-12.076
9766,11.213,-1.054,0.647,12.702,-1.191,-19.634
9817,10.691,-0.695,1.217,40.351,-8.374,-25.168
9867,10.672,-0.266,0.915,46.756,-10.954,-26.336
9916,10.684,-0.553,0.0,45.733,-8.786,-26.397
9966,11.625,-0.479,0.266,67.634,-4.244,-26.908
10016,11.508,-0.635,0.163,52.237,-0.008,-29.947
10066,11.748,-0.41,-0.05,71.13,2.702,-32.824
10117,10.945,-0.223,-0.101,59.649,9.26,-31.672
10167,10.742,0.144,-0.56,66.672,19.977,-27.885
10217,10.502,-0.311,-0.316,61.466,28.824,-23.26
10267,10.217,0.295,-0.132,56.031,39.916,-17.198
10317,9.721,0.774,0.089,41.282,47.038,-7.947
10368,9.396,0.398,0.309,45.298,52.321,3.626
10418,8.763,2.385,2.067,-9.71,53.198,26.664
10467,8.189,1.075,1.092,-47.328,43.557,50.389
10517,8.133,-0.946,0.826,-15.656,43.954,57.374
10567,8.744,-1.174,1.157,5.076,40.969,53.176
10617,8.957,-0.965,1.399,42.985,41.237,45.611
10668,8.574,0.081,2.453,15.954,30.214,43.282
10718,8.251,-0.474,2.646,17.183,15.824,44.573
10767,8.684,-1.099,2.218,18.313,6.321,43.916
10817,8.548,-1.142,2.376,15.824,-5.046,36.809
10867,8.476,-1.145,1.892,15.733,-10.595,31.786
10917,8.543,-1.262,2.163,19.977,-16.901,24.107
10968,8.026,-0.613,2.429,0.336,-32.939,21.313
11018,8.742,-1.511,0.989,12.931,-32.359,13.611
11067,9.343,-1.748,1.459,16.969,-29.565,5.603
11117,8.89,-1.267,1.075,20.603,-29.603,-3.565
11167,8.727,-0.922,1.631,11.802,-33.718,-6.786
11217,8.912,-1.356,0.594,27.74,-27.084,-14.298
11268,9.084,-0.929,1.15,33.74,-22.489,-17.275
11318,9.214,-0.553,0.996,41.405,-19.855,-17.702
11367,9.463,-0.307,1.471,22.176,-24.901,-16.847
11417,9.403,-0.632,1.305,46.321,-23.489,-16.87
11467,10.289,-0.742,0.798,26.374,-21.824,-16.206
11517,10.351,-0.261,1.056,34.748,-21.84,-15.885
11568,10.478,-0.012,0.151,34.969,-14.824,-12.351
11618,11.072,-0.333,0.39,30.137,-10.305,-11.885
11668,10.157,-0.381,0.826,30.458,-3.962,-13.198
11718,10.172,-0.024,0.139,22.496,0.412,-10.557
11768,11.053,0.187,0.395,24.527,7.733,-5.771
11819,11.149,0.151,0.137,20.939,10.305,-3.168
11869,11.046,0.034,0.457,16.626,13.855,0.893
11918,10.986,-0.489,0.831,6.122,10.679,1.611
11968,11.106,0.103,0.678,4.817,10.107,2.885
12018,10.696,-0.618,0.419,-0.687,6.588,-0.901
12068,10.069,-0.376,0.314,9.397,8.374,-4.473
12119,10.629,-0.39,0.714,11.908,7.794,-8.649
12169,10.133,0.117,0.766,5.817,4.855,-7.466
12218,10.133,0.12,0.86,9.641,1.153,-5.656
12268,10.339,0.259,0.886,-5.229,-0.725,-3.198
12318,10.157,-0.16,0.836,1.0,-2.519,-2.359
12368,10.033,-0.235,0.788,-14.489,-4.618,-2.947
12419,9.896,-0.153,0.52,1.855,-2.656,-2.87
12469,10.105,-0.268,0.771,-5.748,-4.611,-4.55
12518,9.75,-0.105,0.546,-4.84,-1.809,-3.069
12568,9.788,-0.105,0.685,-3.275,-0.725,-2.473
12618,9.693,-0.081,1.018,-4.405,-2.511,-1.771
12668,9.623,-0.038,0.771,-8.412,-4.252,0.061
12719,9.932,-0.213,1.106,-11.885,-6.634,-0.084
12769,10.057,-0.24,0.707,-9.29,-8.595,-2.237
12818,9.709,-0.151,0.383,-6.313,-6.611,-3.786
12868,9.839,-0.354,0.345,0.489,-3.13,-5.427
12918,9.494,-0.45,0.323,6.45,1.824,-5.725
12968,10.04,-0.069,0.711,9.481,3.603,-4.099
13019,10.33,-0.024,0.872,-0.466,2.458,-2.786
13068,10.196,0.074,0.85,1.74,0.45,-1.672
13118,10.179,-0.086,0.848,9.45,-1.542,-1.511
13168,10.097,0.067,0.843,3.771,-0.779,0.809
13218,10.191,-0.465,0.491,2.809,-0.489,-2.015
13268,10.435,-0.223,0.594,-1.282,1.824,-4.924
13319,10.255,-0.125,0.426,3.489,4.679,-7.29
13368,10.059,-0.113,0.812,8.557,4.649,-8.107
13418,10.095,0.204,0.582,10.13,7.092,-5.603
13468,10.208,0.127,0.917,10.794,4.603,-5.412
13518,10.028,0.304,0.85,-0.031,5.099,-3.328
13569,9.961,0.206,0.719,3.519,3.824,-3.832
13619,10.27,0.127,1.145,-0.603,6.244,-0.198
13668,10.33,0.232,0.627,-11.84,5.565,-0.893
13718,10.509,-0.089,1.511,-5.412,4.229,3.046
13768,10.473,0.175,1.035,-15.122,0.863,3.053
13818,10.466,-0.105,1.083,-1.153,-2.519,2.962
13869,10.356,-0.014,0.465,7.786,0.344,1.794
13919,10.385,0.093,0.936,-3.122,-0.718,0.397
13968,10.323,0.06,0.68,-11.695,2.092,0.969
14018,10.188,0.12,0.884,0.687,1.55,4.084
14068,9.937,-0.199,1.286,-11.695,0.885,4.542
14118,10.303,-0.168,0.845,-6.763,-1.229,7.008
14169,10.1,-0.51,0.901,-2.458,-1.641,6.366
14219,10.258,-0.429,0.687,-9.779,-1.55,3.458
14268,10.454,-0.577,0.853,-3.748,-0.809,3.916
14318,10.246,-0.374,0.721,-12.282,-1.282,2.489
14368,10.258,-0.429,0.948,-9.977,-1.901,3.214
14418,10.105,-0.259,0.62,-4.366,-2.267,4.412
14469,10.014,-0.491,0.953,-11.924,-1.817,5.504
14519,10.059,-0.584,0.683,-12.267,-0.351,6.183
14569,9.925,-0.752,0.74,-3.183,0.962,6.366
14619,10.021,-0.788,0.745,4.992,1.557,5.237
14669,9.899,-0.714,0.525,2.557,3.076,3.847
14720,9.178,-1.027,1.212,-0.115,2.473,2.603
14770,9.096,-1.202,0.865,-1.092,4.137,-2.771
14819,9.039,-0.489,0.8,-1.748,4.565,-3.435
14869,9.0,-0.328,1.006,-0.031,2.649,0.45
14919,9.42,-0.472,0.972,-2.122,2.023,3.511
14969,9.786,-0.563,1.083,-4.13,1.481,5.565
15020,10.26,-0.678,1.066,-6.206,0.603,6.565
15070,10.706,-0.721,0.944,-8.489,0.046,7.153
15119,11.019,-0.893,0.992,-10.771,-0.603,7.496
15169,11.187,-0.941,0.893,-12.26,-1.084,7.473
15219,11.35,-0.999,0.924,-13.718,-1.664,7.267
15269,11.501,-1.095,0.97,-14.863,-2.252,6.74
15320,11.384,-1.154,0.905,-15.534,-3.0,5.977
15370,11.264,-1.212,0.829,-15.817,-3.702,5.069
15419,11.108,-1.265,0.819,-15.489,-4.275,3.832
15469,10.833,-1.265,0.62,-14.504,-4.191,2.557
15519,10.514,-1.315,0.565,-12.641,-3.817,1.397
15569,10.069,-1.31,0.51,-10.45,-2.985,0.672
15620,9.726,-1.308,0.472,-7.603,-1.74,0.313
15670,9.377,-1.305,0.371,-4.626,-0.824,0.435
15719,9.063,-1.315,0.455,-1.099,-0.16,1.092
15769,8.785,-1.212,0.453,2.191,0.557,1.87
15819,8.651,-1.267,0.505,5.687,1.008,3.405
15869,8.541,-1.31,0.467,9.084,1.427,4.664
15920,8.66,-1.396,0.489,12.298,2.069,5.878
15970,8.821,-1.581,0.493,14.924,2.504,6.55
16020,8.948,-1.691,0.52,17.29,3.328,6.588
16070,9.175,-1.997,0.57,19.107,3.664,5.519
16120,9.544,-2.153,0.58,20.198,4.168,3.305
16171,9.844,-2.261,0.675,20.458,4.008,0.069
16221,10.222,-2.323,0.79,20.099,4.145,-4.45
16270,10.476,-2.309,0.98,18.893,3.924,-9.168
16320,10.84,-2.23,0.944,17.275,3.244,-14.298
16370,11.008,-2.033,1.03,14.916,1.748,-18.908
16420,11.175,-1.801,1.09,12.275,0.328,-22.573
16471,11.271,-1.542,1.092,9.656,-1.29,-25.168
16521,11.319,-1.183,1.152,6.809,-2.878,-26.397
16570,11.12,-0.85,1.044,4.313,-4.298,-26.527
16620,11.017,-0.644,1.099,2.092,-5.573,-25.557
16670,10.708,-0.362,0.996,0.527,-6.565,-23.275
16720,10.488,-0.065,0.821,-0.565,-7.015,-20.053
16771,10.251,0.12,0.75,-1.046,-7.26,-15.763
16821,9.915,0.307,0.771,-0.718,-7.053,-11.115
16870,9.647,0.445,0.51,0.397,-6.725,-6.099
16920,9.422,0.472,0.525,2.191,-6.168,-0.55
16970,9.247,0.544,0.52,4.519,-5.496,5.29
17020,9.072,0.508,0.445,7.702,-4.985,10.733
17071,8.96,0.364,0.323,11.206,-3.939,15.924
17121,8.931,0.148,0.364,15.26,-2.901,20.252
17170,8.909,-0.062,0.24,19.573,-1.489,24.313
17220,9.084,-0.386,0.283,24.16,0.191,27.397
17270,9.283,-0.637,0.204,28.618,2.122,29.87
17320,9.468,-1.075,0.362,33.008,3.977,31.061
17371,9.714,-1.444,0.414,36.511,5.939,30.542
17420,9.949,-1.902,0.541,38.901,7.527,28.481
17470,10.229,-2.244,0.733,39.733,8.756,24.252
17520,10.411,-2.606,0.994,39.45,9.13,18.168
17570,10.521,-2.864,1.063,37.221,8.336,10.733
17620,10.713,-2.922,1.329,33.939,6.534,2.359
17671,10.687,-2.86,1.48,28.878,3.985,-6.351
17720,10.744,-2.802,1.492,23.214,0.802,-14.26
17770,10.529,-2.579,1.597,16.794,-2.481,-21.267
17820,10.521,-2.361,1.576,9.924,-6.023,-27.183
17870,10.337,-1.971,1.415,3.748,-8.878,-31.366
17921,10.179,-1.629,1.473,-2.053,-11.397,-33.954
17971,9.978,-1.217,1.183,-6.74,-12.969,-35.008
18020,9.884,-0.951,1.066,-10.45,-14.275,-34.664
18070,9.575,-0.62,0.953,-12.672,-14.809,-33.031
18120,9.506,-0.292,0.793,-13.344,-14.855,-30.756
18170,9.386,-0.029,0.608,-12.618,-14.534,-27.282
18221,9.403,0.225,0.422,-10.214,-13.878,-23.221
18271,9.326,0.431,0.354,-6.649,-12.786,-18.603
18320,9.451,0.582,0.146,-1.809,-11.71,-13.481
18370,9.525,0.745,0.081,4.511,-10.107,-7.954
18420,9.705,0.776,-0.084,11.87,-8.107,-1.885
18470,9.82,0.807,-0.242,20.389,-5.282,4.481
18521,10.002,0.692,-0.309,29.489,-1.962,11.229
18571,10.198,0.601,-0.388,38.962,2.405,17.389
18620,10.327,0.275,-0.328,47.985,7.046,23.0
18670,10.437,-0.031,-0.316,56.634,12.031,27.282
18720,10.596,-0.457,-0.125,63.794,16.893,29.618
18770,10.655,-0.865,0.259,69.275,21.099,30.137
18821,10.725,-1.214,0.541,72.206,24.267,28.389
18871,10.687,-1.59,0.941,72.198,25.794,24.817
18921,10.588,-1.801,1.308,69.397,25.466,20.015
18971,10.469,-1.938,1.693,63.008,23.176,14.298
19021,10.308,-1.973,2.036,54.275,19.45,8.954
19072,10.129,-2.024,2.256,42.733,14.374,3.763
19122,9.944,-1.844,2.426,29.679,8.359,-0.069
19171,9.729,-1.799,2.457,15.87,2.939,-2.664
19221,9.566,-1.518,2.321,1.252,-2.305,-4.176
19271,9.343,-1.392,2.191,-12.656,-6.42,-4.55
19321,9.161,-1.375,1.854,-25.321,-9.008,-4.282
19372,9.149,-1.238,1.739,-36.626,-10.779,-3.634
19422,9.07,-1.3,1.511,-46.359,-11.771,-2.855
19471,8.974,-1.358,1.396,-54.26,-12.351,-2.435
19521,9.072,-1.483,1.171,-60.863,-12.649,-2.382
19571,9.211,-1.657,1.133,-65.565,-13.252,-3.344
19621,9.436,-1.772,1.109,-68.328,-14.099,-5.511
19672,9.556,-1.82,0.877,-68.679,-14.916,-8.763
19722,9.764,-1.722,0.503,-66.573,-15.053,-12.366
19771,10.076,-1.516,0.28,-61.947,-14.023,-15.565
19821,10.275,-1.274,-0.048,-55.13,-11.397,-17.519
19871,10.497,-0.951,-0.429,-46.748,-7.183,-17.557
19921,10.61,-0.606,-0.465,-37.382,-1.634,-15.412
19972,10.804,-0.484,-0.532,-27.847,4.328,-11.405
20022,10.864,-0.369,-0.474,-19.084,10.336,-6.58
20071,10.883,-0.472,-0.321,-11.046,15.137,-2.366
20121,10.818,-0.601,-0.017,-4.786,18.977,0.656
20171,10.691,-0.841,0.285,0.13,21.214,1.863
20221,10.533,-1.02,0.601,3.008,21.74,0.985
20272,10.466,-1.205,0.948,3.74,20.824,-1.298
20322,10.155,-1.162,1.142,2.427,18.931,-3.939
20372,10.088,-1.044,1.26,-0.496,16.74,-5.824
20422,9.884,-0.759,1.344,-5.336,14.641,-5.809
20472,9.721,-0.369,1.382,-11.244,12.84,-3.794
20523,9.628,-0.117,1.473,-18.206,11.13,0.366
20573,9.578,0.031,1.499,-25.389,9.389,5.977
20622,9.487,0.014,1.463,-33.374,7.931,12.176
20672,9.42,-0.259,1.641,-41.634,6.237,17.885
20722,9.448,-0.733,1.559,-50.16,4.008,22.511
20772,9.52,-1.277,1.571,-58.748,1.42,24.55
20823,9.594,-1.803,1.535,-66.328,-2.107,23.45
20873,9.738,-2.385,1.401,-72.725,-5.504,18.565
20922,9.81,-2.718,1.19,-77.137,-8.221,10.977
20972,9.999,-2.884,0.922,-79.412,-9.985,1.55
21022,10.155,-2.764,0.697,-79.061,-10.13,-8.252
21072,10.212,-2.354,0.448,-76.084,-8.695,-16.733
21123,10.315,-1.825,0.249,-71.405,-6.13,-22.122
21173,10.416,-1.207,0.093,-65.336,-3.153,-23.802
21222,10.284,-0.68,0.065,-58.489,-0.145,-21.672
21272,10.397,-0.283,0.05,-51.42,2.344,-16.29
21322,10.284,-0.06,0.062,-44.198,4.351,-9.168
21372,10.318,-0.139,0.057,-36.832,5.962,-1.901
21423,10.083,-0.347,0.024,-29.664,7.794,3.496
21473,10.018,-0.793,-0.031,-22.634,10.145,6.214
21522,9.889,-1.109,-0.175,-16.031,13.374,6.221
21572,9.779,-1.372,-0.043,-9.771,17.374,3.985
21622,9.681,-1.463,0.081,-4.908,21.298,0.824
21672,9.575,-1.356,0.268,-1.74,24.366,-2.015
21723,9.59,-1.035,0.788,-1.702,26.115,-3.473
21772,9.578,-0.812,1.238,-4.328,25.878,-2.74
21822,9.582,-0.517,1.629,-10.29,23.87,0.321
21872,9.594,-0.402,2.05,-18.718,19.198,5.115
21922,9.685,-0.414,2.158,-28.656,13.183,11.008
21972,9.733,-0.692,2.273,-39.42,6.107,16.328
22023,9.827,-1.138,2.005,-49.153,-0.489,19.618
22072,10.011,-1.765,1.686,-57.153,-5.718,19.748
22122,10.107,-2.318,1.157,-63.015,-8.359,15.733
22172,10.155,-2.821,0.709,-66.527,-8.015,7.992
22222,10.243,-3.03,0.354,-67.496,-4.947,-1.885
22273,10.378,-3.011,0.192,-66.359,0.076,-12.794
22323,10.32,-2.718,0.206,-64.351,5.634,-21.832
22372,10.339,-2.196,0.333,-62.389,9.824,-28.534
22422,10.303,-1.617,0.821,-60.969,11.954,-31.939
22472,10.294,-0.992,1.231,-60.954,11.321,-31.45
22522,10.253,-0.412,1.439,-62.313,8.679,-27.954
22573,10.255,-0.125,1.605,-64.588,4.267,-22.191
22623,10.208,0.151,1.557,-66.855,-0.718,-15.977
22672,10.136,0.069,1.128,-68.359,-4.733,-10.435
22722,10.1,-0.014,0.845,-69.076,-6.695,-5.985
22772,10.002,-0.12,0.354,-67.786,-5.763,-2.366
22822,9.942,-0.069,0.034,-64.924,-1.382,0.496
22873,9.918,-0.105,-0.175,-61.282,4.504,3.733
22923,9.803,-0.141,-0.072,-57.229,11.023,7.237
22972,9.753,-0.251,0.105,-54.664,16.229,11.328
23022,9.721,-0.39,0.58,-54.382,19.053,15.206
23072,9.762,-0.548,1.214,-56.893,18.351,18.366
23122,9.707,-0.922,1.724,-62.244,13.84,20.252
23173,9.781,-1.241,2.129,-69.115,6.618,20.466
23223,9.846,-1.518,2.153,-76.435,-2.748,18.359
23273,9.891,-1.765,1.856,-82.267,-11.779,14.435
23323,9.935,-1.88,1.36,-85.053,-19.046,9.305
23373,9.966,-1.806,0.673,-84.13,-22.313,3.832
23424,9.992,-1.629,-0.096,-78.893,-20.977,0.031
23474,10.083,-1.396,-0.757,-70.099,-15.534,-1.626
23523,10.085,-1.243,-1.224,-58.481,-7.229,-1.015
23573,10.097,-1.109,-1.401,-44.779,2.679,1.046
23623,10.038,-1.209,-1.226,-30.282,11.901,3.076
23673,9.987,-1.449,-0.953,-16.878,19.786,3.985
23724,9.923,-1.684,-0.424,-5.45,25.412,3.305
23774,9.858,-1.779,0.134,3.206,27.969,0.481
23823,9.982,-1.942,0.589,7.855,27.061,-3.504
23873,9.858,-1.914,1.102,9.794,23.656,-8.198
23923,9.935,-1.734,1.281,9.603,18.55,-12.931
23973,9.839,-1.442,1.38,7.786,13.527,-16.382
24024,9.899,-1.042,1.236,5.489,10.176,-17.427
24074,9.894,-0.577,0.889,3.0,9.053,-15.756
24123,9.908,-0.333,0.654,0.191,10.481,-11.656
24173,9.985,-0.122,0.639,-2.718,13.863,-6.031
24223,10.006,-0.065,0.683,-6.366,17.649,0.122
24273,9.978,-0.223,1.015,-12.137,20.473,6.023
24324,10.004,-0.486,1.54,-19.939,20.588,10.366
24374,9.999,-0.896,2.009,-30.374,17.366,12.618
24423,10.081,-1.303,2.472,-42.855,11.076,12.206
24473,10.102,-1.602,2.742,-56.489,2.435,8.916
24523,10.167,-1.993,2.623,-69.832,-7.183,3.489
24573,10.205,-2.134,2.373,-81.527,-15.855,-3.725
24624,10.306,-1.995,1.916,-90.099,-22.099,-11.282
24674,10.188,-1.693,1.265,-94.779,-25.321,-17.901
24724,10.152,-1.257,0.723,-95.908,-25.153,-21.695
24774,10.143,-0.735,0.201,-93.282,-21.847,-21.893
24824,10.131,-0.17,-0.148,-87.527,-17.153,-18.832
24875,10.138,0.148,-0.354,-79.534,-11.511,-12.618
24925,10.054,0.223,-0.443,-70.046,-6.328,-5.389
24974,10.018,0.17,-0.474,-59.916,-1.824,2.076
25024,9.879,-0.148,-0.445,-49.046,2.053,7.718
25074,9.899,-0.577,-0.46,-38.168,5.489,11.374
25124,9.829,-1.018,-0.34,-27.878,8.382,11.969
25175,9.733,-1.447,-0.292,-18.092,11.099,9.695
25225,9.772,-1.617,-0.069,-9.275,13.679,5.305
25274,9.721,-1.633,0.024,-1.794,15.962,0.336
25324,9.824,-1.348,0.163,4.26,17.573,-4.206
25374,9.812,-0.984,0.376,8.374,19.084,-5.58
25424,9.788,-0.544,0.556,10.42,19.679,-4.221
25475,9.884,-0.151,0.793,10.565,20.267,0.473
25525,9.896,0.012,0.987,8.695,20.183,7.321
25574,9.93,-0.074,1.13,5.244,19.779,14.87
25624,10.006,-0.395,1.332,-0.153,18.695,21.321
25674,9.966,-1.068,1.645,-7.504,16.45,24.885
25724,10.018,-1.65,1.794,-15.901,13.496,24.244
25821,10.064,-2.69,1.95,-34.267,5.076,11.542
25870,10.069,-2.896,1.815,-43.214,0.656,1.557
25920,10.09,-2.766,1.748,-51.527,-2.779,-8.84
25970,9.994,-2.311,1.54,-58.588,-5.313,-16.863
26020,10.071,-1.818,1.353,-64.214,-6.84,-21.863
26071,10.047,-1.174,1.303,-68.725,-7.824,-22.947
26121,9.963,-0.733,1.147,-71.748,-8.748,-20.206
26170,10.004,-0.407,1.08,-73.489,-10.26,-15.634
26220,9.961,-0.259,0.965,-73.649,-11.931,-10.015
26270,9.872,-0.263,0.702,-72.221,-13.282,-5.038
26320,9.903,-0.501,0.331,-68.267,-13.489,-1.359
26371,9.891,-0.805,0.029,-62.069,-11.802,0.786
26421,9.856,-1.047,-0.436,-53.313,-8.504,1.382
26470,9.87,-1.233,-0.74,-42.542,-3.351,0.092
26520,9.98,-1.305,-0.908,-30.809,3.672,-2.435
26570,10.018,-1.356,-0.855,-18.763,11.13,-5.725
26620,10.033,-1.202,-0.553,-8.344,17.908,-8.504
26671,10.138,-0.855,-0.299,-0.038,23.275,-10.099
26721,10.21,-0.481,0.172,5.344,25.611,-9.26
26770,10.248,-0.148,0.802,7.947,25.71,-5.924
26820,10.291,0.057,1.181,7.389,23.015,-0.107
26870,10.284,0.165,1.408,4.855,19.313,7.031
26920,10.258,0.069,1.588,0.244,14.695,14.42
26971,10.193,-0.295,1.631,-5.275,10.473,20.534
27020,10.121,-0.778,1.49,-11.076,6.954,24.298
27070,10.03,-1.425,1.425,-16.702,4.473,24.695
27120,10.045,-1.962,1.193,-21.687,3.153,21.489
27170,9.937,-2.429,0.992,-26.298,3.244,15.099
27220,9.882,-2.606,0.903,-30.053,4.641,7.359
27271,9.753,-2.579,0.877,-33.382,6.481,-0.656
27320,9.762,-2.388,0.958,-37.191,8.031,-7.328
27370,9.664,-1.976,1.171,-41.641,8.595,-11.305
27420,9.65,-1.506,1.459,-46.74,7.046,-12.656
27470,9.578,-1.341,1.708,-52.557,3.534,-11.824
27521,9.537,-1.106,1.789,-58.954,-1.664,-9.908
27571,9.57,-1.073,1.703,-64.756,-7.137,-7.573
27620,9.705,-1.145,1.392,-68.939,-11.885,-6.45
27670,9.702,-1.274,0.936,-70.504,-14.71,-6.313
27720,9.75,-1.372,0.426,-68.824,-14.695,-7.229
27770,9.844,-1.356,-0.196,-63.763,-11.489,-8.687
27821,10.05,-1.327,-0.527,-56.244,-5.198,-10.237
27871,10.035,-1.269,-0.742,-47.725,3.527,-11.504
27920,10.169,-1.018,-0.656,-39.824,12.008,-11.618
27970,10.239,-0.783,-0.309,-33.237,19.473,-11.015
28020,10.349,-0.62,0.347,-29.038,23.901,-9.0
28070,10.339,-0.462,0.934,-27.748,23.893,-5.992
28121,10.349,-0.388,1.559,-29.374,20.099,-2.832
28172,10.406,-0.374,1.878,-32.977,13.389,0.405
28222,10.255,-0.453,1.945,-38.481,5.641,3.542
28272,10.234,-0.563,1.758,-43.992,-1.809,5.901
28322,10.289,-0.651,1.478,-48.832,-7.42,7.534
28372,10.169,-0.781,1.051,-51.557,-10.458,8.595
28423,10.052,-0.886,0.489,-51.679,-10.45,9.389
28473,10.011,-0.941,-0.069,-49.008,-7.824,10.359
28524,10.03,-0.941,-0.328,-44.153,-2.466,11.237
28576,9.982,-1.059,-0.326,-38.221,4.489,12.359
28626,9.872,-1.25,-0.319,-32.534,11.198,13.282
28678,9.947,-1.423,0.077,-28.099,15.992,13.595
28727,9.779,-1.66,0.484,-25.687,17.962,13.229
28777,9.803,-1.854,0.963,-25.443,16.939,11.145
28827,9.805,-2.019,1.471,-27.031,12.672,8.061
28877,9.851,-2.167,1.6,-29.672,7.038,4.099
28928,9.93,-2.196,1.566,-32.695,1.023,-0.519
28978,9.913,-2.163,1.286,-34.863,-4.008,-5.115
29027,9.911,-2.009,0.872,-35.107,-6.557,-9.237
29077,9.987,-1.796,0.474,-33.168,-6.542,-11.947
29127,9.99,-1.514,-0.022,-29.336,-3.611,-13.069
29177,10.045,-1.212,-0.235,-24.046,2.115,-12.733
29228,10.047,-0.956,-0.34,-18.603,9.206,-10.779
29280,10.038,-0.96,-0.17,-13.779,16.527,-8.069
29331,10.069,-0.881,0.316,-10.947,21.603,-5.145
29382,10.088,-1.013,0.821,-10.74,24.061,-3.374
29433,9.949,-1.198,1.411,-12.992,22.542,-2.916
29484,9.994,-1.403,1.76,-18.061,18.053,-4.153
29534,10.006,-1.415,2.098,-25.038,11.702,-6.282
29584,9.858,-1.511,2.132,-33.443,4.55,-9.229
29634,9.901,-1.315,1.962,-41.687,-1.534,-12.084
29684,9.889,-1.063,1.554,-49.0,-5.656,-13.473
29735,9.884,-0.695,1.322,-54.603,-7.649,-13.366
29786,9.844,-0.378,0.874,-58.359,-7.656,-11.015
29837,9.896,-0.089,0.601,-60.397,-5.588,-6.145
29887,9.863,0.079,0.477,-61.336,-2.473,0.366
29937,9.927,-0.081,0.491,-61.924,0.573,7.42
29987,9.987,-0.326,0.587,-62.489,2.481,13.527
30038,9.968,-0.922,0.8,-63.275,2.847,16.977
30088,9.942,-1.384,0.86,-63.695,1.702,16.756
30137,10.054,-1.88,0.97,-64.153,-0.718,12.924
30187,10.138,-2.213,0.853,-63.756,-2.977,6.481
30237,10.133,-2.292,0.685,-62.351,-4.679,-1.397
30287,10.129,-2.067,0.525,-59.29,-5.13,-8.626
30338,10.131,-1.672,0.347,-54.763,-4.221,-13.702
30388,10.193,-1.198,0.125,-49.275,-2.443,-15.71
30437,10.131,-0.668,0.01,-42.595,0.26,-14.298
30487,10.162,-0.16,-0.141,-35.664,3.618,-9.763
30538,10.167,0.038,-0.137,-29.008,7.0,-2.366
30587,10.164,0.137,0.038,-22.863,9.924,5.893
30638,10.167,-0.127,0.129,-17.763,12.481,13.664
30688,10.143,-0.632,0.295,-13.511,14.458,18.847
30738,10.035,-1.233,0.529,-10.336,15.366,20.557
30788,10.002,-1.76,0.735,-8.649,15.832,18.16
30838,9.954,-2.196,0.75,-7.954,15.893,12.573
30888,9.958,-2.417,0.845,-8.573,15.466,5.198
30939,9.856,-2.376,1.085,-10.832,14.893,-2.397
30988,9.884,-2.11,1.245,-14.191,13.786,-8.626
31038,9.796,-1.693,1.303,-18.763,12.29,-12.382
31088,9.769,-1.183,1.363,-24.405,10.519,-13.351
31138,9.846,-0.805,1.461,-30.695,8.45,-11.321
31188,9.827,-0.417,1.578,-37.672,6.046,-6.618
31239,9.851,-0.29,1.523,-44.916,3.519,0.092
31288,9.839,-0.45,1.633,-51.244,0.504,6.397
31338,9.808,-0.802,1.408,-57.336,-2.924,11.137
31388,9.844,-1.32,1.32,-62.313,-5.863,12.504
31438,9.848,-1.928,0.915,-65.244,-7.809,10.137
31489,9.882,-2.309,0.668,-65.969,-7.893,4.275
31539,9.937,-2.462,0.357,-64.504,-6.153,-3.603
31588,9.949,-2.429,0.165,-61.733,-3.145,-11.366
31638,9.954,-2.024,0.055,-57.359,0.832,-17.947
31688,9.97,-1.597,0.211,-52.565,4.664,-21.779
31738,9.98,-1.054,0.381,-48.275,7.565,-22.443
31789,10.083,-0.551,0.51,-44.718,8.687,-19.748
31839,10.052,-0.113,0.81,-42.481,8.305,-14.359
31888,10.191,0.148,0.917,-40.809,5.985,-7.145
31938,10.15,0.067,1.042,-39.176,2.802,0.107
31988,10.191,-0.263,0.757,-37.351,-0.122,6.145
32038,10.129,-0.625,0.548,-34.351,-1.427,9.718
32089,10.188,-0.999,0.146,-30.595,0.053,10.664
32139,10.15,-1.214,-0.158,-25.511,4.031,9.076
32188,10.105,-1.509,-0.386,-20.168,10.023,6.328
32238,10.047,-1.504,-0.249,-15.221,16.206,3.496
32288,10.021,-1.43,0.081,-11.557,21.748,0.847
32338,9.987,-1.293,0.604,-10.344,24.954,-0.504
32389,10.023,-1.013,1.095,-12.481,25.107,-0.611
32439,9.994,-0.872,1.66,-17.71,22.565,0.618
32489,10.028,-0.778,2.141,-26.023,17.038,3.427
32539,9.992,-0.726,2.35,-36.0,9.069,6.847
32589,10.016,-0.896,2.421,-46.366,0.122,9.916
32640,10.038,-1.13,1.995,-55.748,-8.313,11.817
32690,10.023,-1.48,1.511,-62.527,-14.527,11.176
32739,10.014,-1.789,0.948,-66.092,-17.298,8.427
32789,9.994,-2.067,0.4,-66.282,-15.908,4.046
32839,10.05,-2.065,-0.204,-63.298,-11.122,-0.901
32889,9.994,-1.99,-0.393,-58.0,-3.985,-5.679
32940,9.93,-1.806,-0.481,-51.038,3.634,-9.206
32990,9.927,-1.724,-0.242,-44.298,10.359,-11.649
33039,9.841,-1.578,0.187,-38.702,14.634,-12.893
33089,9.932,-1.339,0.589,-35.099,16.321,-13.328
33139,9.93,-1.116,0.948,-33.756,15.298,-12.718
33189,9.858,-0.934,1.329,-34.26,11.221,-11.496
33241,9.882,-0.853,1.583,-36.084,5.305,-9.969
33291,9.896,-0.781,1.435,-37.588,-0.702,-8.26
33340,9.961,-0.721,1.13,-38.252,-4.824,-6.878
33390,9.997,-0.63,0.635,-37.328,-6.298,-5.344
33440,9.949,-0.58,0.24,-34.756,-4.267,-3.565
33490,10.021,-0.541,-0.249,-30.794,0.931,-1.382
33542,9.963,-0.553,-0.331,-25.908,7.71,1.237
33591,10.069,-0.548,-0.304,-21.634,14.466,3.847
33641,10.004,-0.56,0.182,-18.603,19.863,6.725
33691,10.081,-0.742,0.716,-18.237,22.237,9.168
33741,10.066,-0.869,1.312,-20.557,21.366,10.84
33792,10.078,-1.049,1.866,-25.695,16.969,11.885
33843,10.114,-1.329,2.048,-32.893,9.221,11.267
33893,10.038,-1.602,2.16,-40.214,0.557,8.992
33943,10.109,-1.717,2.017,-46.664,-7.832,5.672
33993,10.105,-1.657,1.411,-50.901,-13.573,1.603
34043,10.107,-1.54,0.781,-52.45,-15.489,-1.847
34095,10.038,-1.334,0.156,-50.733,-13.115,-3.58
34147,10.073,-1.056,-0.34,-46.328,-7.237,-3.069
34199,10.052,-1.063,-0.477,-39.84,-0.069,-1.0
34250,10.021,-0.946,-0.443,-32.702,6.863,1.885
34300,9.978,-1.063,-0.213,-26.359,12.412,4.511
34351,9.894,-1.3,0.144,-21.076,15.885,5.634
34401,9.937,-1.621,0.551,-18.344,17.038,5.641
34450,9.863,-1.859,0.958,-17.344,16.015,3.74
34500,9.92,-1.93,1.31,-18.656,12.573,-0.153
34550,9.882,-2.117,1.475,-21.107,7.786,-5.183
34600,10.021,-1.957,1.516,-23.985,2.168,-10.435
34651,9.958,-1.712,1.291,-25.939,-2.29,-14.931
34700,10.09,-1.339,0.886,-26.733,-4.206,-17.336
34750,10.105,-0.908,0.568,-26.687,-3.634,-16.893
34802,10.085,-0.539,0.342,-25.244,-0.16,-13.977
34853,10.121,-0.266,0.05,-23.191,4.649,-8.763
34904,10.093,-0.266,0.201,-21.214,9.672,-2.87
34954,10.061,-0.319,0.405,-20.13,13.786,2.557
35004,10.095,-0.565,0.62,-20.496,16.168,6.931
35053,10.097,-0.85,1.164,-22.748,16.0,9.603
35103,9.985,-1.238,1.53,-27.046,13.466,9.702
35153,10.016,-1.571,1.787,-32.542,8.672,7.634
35204,10.021,-1.837,1.866,-38.977,2.389,2.962
35254,9.951,-1.873,1.691,-44.992,-3.618,-2.672
35303,9.973,-1.818,1.432,-49.847,-8.55,-8.252
35353,9.966,-1.439,1.13,-52.985,-11.137,-12.206
35403,9.848,-1.027,0.75,-53.878,-10.817,-13.305
35453,9.894,-0.546,0.374,-52.962,-8.504,-11.252
35505,9.923,-0.146,0.208,-50.45,-5.053,-6.0
35555,9.851,-0.148,0.137,-46.985,-1.534,0.534
35605,9.867,-0.208,0.153,-43.061,1.267,7.023
35655,9.836,-0.501,0.347,-39.458,3.336,12.298
35705,9.942,-0.977,0.345,-35.389,4.107,15.198
35756,9.894,-1.423,0.457,-32.122,4.534,15.29
35806,9.968,-1.897,0.493,-28.687,4.168,11.962
35855,9.925,-2.314,0.493,-25.214,3.809,6.0
35905,10.081,-2.225,0.551,-21.985,4.046,-1.863
35955,10.038,-2.129,0.465,-18.466,4.26,-9.26
36005,10.129,-1.645,0.371,-15.122,5.137,-14.351
36056,10.109,-1.073,0.378,-11.916,6.55,-15.557
36106,10.162,-0.503,0.369,-9.374,8.344,-12.863
36155,10.174,-0.091,0.398,-7.45,9.977,-7.176
36205,10.16,0.017,0.57,-6.137,11.786,0.466
36255,10.093,-0.041,0.608,-5.992,13.122,8.076
36305,10.083,-0.342,0.826,-6.901,13.725,14.038
36356,10.05,-0.92,1.056,-9.328,13.038,17.634
36406,10.047,-1.377,1.214,-12.611,11.733,17.794
36455,10.018,-2.0,1.346,-17.038,9.634,15.168
36505,10.045,-2.407,1.356,-22.084,6.557,9.267
36555,10.076,-2.565,1.394,-27.298,3.847,1.038
36605,10.016,-2.51,1.415,-32.084,1.305,-7.656
36656,9.994,-2.203,1.341,-36.557,-0.412,-14.977
36706,9.98,-1.614,1.147,-40.153,-1.366,-18.908
36756,9.925,-1.054,1.083,-43.412,-1.779,-19.069
36806,9.994,-0.539,1.063,-45.779,-2.008,-15.794
36856,9.951,-0.263,0.946,-47.924,-2.473,-10.084
36907,9.975,-0.218,0.927,-49.115,-3.282,-3.26
36957,10.03,-0.328,0.862,-50.107,-4.489,2.863
37006,9.925,-0.642,0.769,-49.855,-5.153,6.901
37056,9.937,-1.133,0.589,-48.229,-5.718,8.748
37106,9.925,-1.459,0.333,-45.183,-5.198,7.359
37156,10.021,-1.902,0.024,-40.634,-3.153,3.588
37207,9.978,-2.1,-0.014,-34.786,0.374,-2.489
37257,10.066,-2.019,-0.11,-28.733,4.924,-9.008
37306,10.133,-1.825,-0.074,-22.969,9.366,-14.359
37356,10.097,-1.329,0.16,-17.916,12.969,-17.863
37406,10.088,-0.786,0.417,-14.313,14.985,-17.718
37456,10.04,-0.283,0.721,-12.504,15.336,-14.328
37507,9.985,0.041,0.992,-12.527,14.061,-8.313
37557,10.088,0.254,1.111,-13.87,11.718,-0.595
37606,9.987,0.122,1.298,-16.244,8.939,7.313
37656,9.918,-0.098,1.286,-19.412,6.45,13.687
37706,9.875,-0.644,1.217,-22.695,3.916,17.901
37756,9.963,-1.116,1.03,-25.809,2.557,19.198
37807,9.963,-1.633,0.92,-28.015,2.099,17.374
37857,9.97,-2.05,0.75,-29.641,2.832,12.55
37906,9.927,-2.285,0.627,-30.985,4.595,6.244
37956,9.942,-2.153,0.707,-31.985,6.679,-0.74
38006,9.925,-1.878,0.862,-34.084,8.779,-6.115
38056,10.023,-1.418,1.001,-36.885,9.176,-8.641
38107,9.978,-1.035,1.353,-40.893,7.573,-7.969
38156,9.923,-0.707,1.597,-45.397,4.031,-4.573
38206,9.923,-0.685,1.7,-50.344,-1.26,0.206
38256,10.033,-0.735,1.597,-55.55,-6.962,4.672
38306,10.002,-1.035,1.305,-58.771,-11.901,7.16
38356,9.968,-1.303,0.98,-59.672,-15.122,7.763
38407,10.006,-1.631,0.381,-57.649,-15.992,5.771
38456,10.081,-1.918,-0.192,-52.29,-13.359,2.351
38506,10.066,-2.084,-0.683,-43.901,-7.679,-2.344
38556,10.083,-1.894,-0.929,-33.641,0.595,-7.076
38606,10.095,-1.813,-0.929,-23.221,10.076,-11.099
38657,10.186,-1.473,-0.563,-13.794,18.351,-14.191
38707,9.982,-1.2,-0.11,-6.954,24.16,-15.336
38756,10.081,-0.833,0.489,-2.763,26.16,-14.702
38806,10.076,-0.608,1.037,-1.588,24.824,-12.58
38856,10.081,-0.381,1.619,-3.389,20.191,-8.733
38906,10.076,-0.283,1.791,-7.366,13.947,-4.595
38957,9.999,-0.357,1.825,-12.863,7.618,0.038
39007,10.03,-0.455,1.602,-18.611,1.855,3.992
39056,9.93,-0.673,1.329,-23.198,-1.786,6.756
39106,9.999,-0.915,0.98,-26.779,-3.214,8.351
39156,9.92,-1.102,0.587,-28.298,-2.359,8.588
39206,9.906,-1.293,0.366,-28.458,0.672,7.695
39257,10.011,-1.437,0.213,-27.916,5.351,5.824
39307,9.963,-1.502,0.316,-27.809,10.267,3.511
39356,9.935,-1.363,0.513,-28.756,14.16,1.71
39406,9.949,-1.348,0.97,-31.099,15.802,0.634
39456,9.98,-1.176,1.502,-35.595,14.397,0.374
39506,9.944,-1.152,1.801,-41.557,9.458,1.084
39557,10.033,-1.212,2.045,-48.504,2.076,1.87
39607,9.927,-1.289,2.045,-55.504,-5.954,2.16
39657,10.047,-1.396,1.674,-61.0,-12.634,1.656
39707,9.901,-1.552,1.109,-63.817,-17.115,0.084
39757,10.052,-1.504,0.493,-63.252,-17.802,-2.038
39808,9.966,-1.554,-0.105,-59.168,-15.061,-4.275
39858,9.978,-1.435,-0.606,-51.847,-8.763,-6.061
39907,10.011,-1.272,-0.81,-43.183,-0.237,-6.511
39957,9.973,-1.162,-0.771,-34.305,9.26,-5.847
40007,10.04,-1.035,-0.426,-26.687,17.351,-4.527
40057,10.045,-1.061,0.117,-21.168,22.489,-3.046
40108,10.014,-1.051,0.719,-18.443,23.527,-2.42
40158,9.997,-1.202,1.3,-18.87,20.595,-2.405
40207,9.999,-1.269,1.736,-21.511,15.13,-2.931
40257,9.992,-1.272,1.933,-26.099,8.069,-4.168
40307,9.875,-1.269,1.803,-31.16,1.26,-5.733
40357,9.978,-1.123,1.37,-35.634,-3.771,-6.702
40408,10.006,-0.992,1.073,-38.557,-6.504,-7.137
40458,10.042,-0.778,0.596,-39.527,-6.389,-6.313
40507,10.05,-0.572,0.321,-38.198,-4.061,-4.168
40557,10.035,-0.424,0.038,-35.74,0.374,-0.626
40607,10.138,-0.357,-0.101,-32.565,6.16,3.656
40657,10.121,-0.467,0.101,-30.313,11.527,8.42
40708,10.1,-0.754,0.383,-29.214,15.763,12.382
40758,10.117,-1.035,0.786,-29.878,17.412,14.267
40807,10.16,-1.427,1.377,-32.115,15.885,13.969
40857,10.184,-1.7,1.6,-35.947,11.504,10.847
40907,10.038,-2.021,1.808,-40.679,5.023,6.069
40957,10.042,-2.076,1.693,-45.695,-1.473,0.366
41008,10.016,-1.978,1.48,-49.481,-7.191,-4.977
41058,9.894,-1.741,1.006,-51.519,-10.198,-9.168
41108,9.935,-1.377,0.647,-50.931,-10.718,-11.45
41158,9.899,-0.996,0.182,-48.206,-8.679,-11.267
41208,9.925,-0.704,-0.137,-43.038,-4.618,-8.786
41259,9.803,-0.498,-0.35,-37.305,0.817,-4.206
41309,9.863,-0.441,-0.354,-31.046,6.649,1.45
41358,9.827,-0.479,-0.096,-25.328,11.405,6.733
41408,9.848,-0.836,0.225,-20.702,14.794,10.878
41458,9.803,-1.308,0.57,-17.931,16.206,12.229
41508,9.865,-1.698,0.85,-16.748,15.496,10.504
41559,9.882,-2.007,1.188,-16.916,13.031,6.267
41609,9.846,-2.124,1.262,-18.489,9.366,0.481
41658,9.836,-2.134,1.26,-20.672,6.015,-5.527
41708,9.894,-1.899,1.221,-22.985,3.42,-10.573
41758,9.932,-1.502,0.891,-24.954,2.168,-13.45
41808,9.985,-1.035,0.805,-26.389,2.244,-13.809
41859,9.951,-0.687,0.63,-27.313,3.374,-11.267
41909,10.121,-0.402,0.659,-27.969,4.962,-6.458
41958,10.2,-0.299,0.707,-29.107,6.626,-0.122
42008,10.315,-0.467,0.752,-30.664,7.695,6.053
42058,10.152,-0.802,0.92,-33.008,8.176,10.885
42108,10.198,-1.3,1.006,-35.466,7.214,12.695
42159,10.133,-1.844,1.207,-38.679,5.588,10.542
42209,10.061,-2.321,1.277,-41.565,3.038,4.718
42258,10.035,-2.539,1.217,-44.496,0.443,-3.252
42308,10.011,-2.443,1.15,-46.542,-1.481,-12.069
42358,9.93,-2.108,0.996,-48.023,-2.679,-19.282
42408,9.951,-1.564,0.812,-48.344,-2.656,-23.771
42459,9.889,-0.963,0.719,-47.992,-1.634,-24.603
42508,9.958,-0.225,0.649,-46.87,-0.481,-22.13
42558,9.958,0.168,0.62,-45.595,0.702,-16.015
42608,10.088,0.481,0.594,-44.031,1.504,-7.176
42658,10.004,0.513,0.697,-42.42,1.664,2.504
42708,10.083,0.237,0.69,-41.084,1.473,11.084
42759,10.026,-0.323,0.62,-39.267,1.336,16.954
42808,10.014,-0.922,0.438,-37.366,1.58,19.29
42858,9.994,-1.447,0.319,-34.779,2.519,17.427
42908,10.023,-1.894,0.29,-31.817,4.206,12.466
42958,9.999,-1.966,0.299,-28.809,6.282,5.885
43009,10.085,-1.942,0.314,-25.931,8.786,-0.412
43059,10.102,-1.53,0.453,-23.878,11.046,-4.947
43108,10.176,-1.174,0.776,-22.977,12.305,-6.588
43158,10.109,-0.781,0.865,-23.489,12.229,-5.214
43208,10.169,-0.479,1.123,-25.473,11.053,-1.435
43258,10.088,-0.287,1.365,-28.435,8.29,4.137
43309,10.069,-0.364,1.401,-32.168,4.328,9.954
43359,10.002,-0.599,1.435,-35.611,-0.031,15.389
43408,9.958,-1.001,1.229,-38.344,-3.74,18.603
43458,9.846,-1.468,0.939,-39.71,-5.817,18.924
43508,9.832,-2.048,0.479,-39.542,-6.115,16.206
43558,9.757,-2.467,0.23,-37.511,-4.427,10.374
43609,9.776,-2.685,0.055,-33.87,-0.802,3.214
43659,9.709,-2.587,0.007,-29.359,3.679,-4.565
43708,9.844,-2.476,0.062,-24.641,8.092,-11.214
43758,9.729,-2.132,0.273,-20.779,11.443,-16.137
43808,9.824,-1.624,0.601,-18.344,12.992,-18.206
43858,9.848,-1.2,0.939,-17.924,12.763,-17.771
43909,9.877,-0.86,1.231,-18.84,10.176,-15.137
43959,9.865,-0.651,1.353,-20.641,6.359,-10.71
44009,9.975,-0.548,1.286,-22.664,1.901,-5.687
44059,10.033,-0.754,1.126,-23.893,-1.962,-1.588
44109,10.117,-1.118,0.781,-23.878,-4.008,0.802
44160,10.085,-1.375,0.436,-22.435,-3.389,0.603
44210,10.143,-1.66,0.146,-19.527,-0.382,-2.321
44259,10.143,-1.782,-0.022,-16.137,4.458,-7.092
44309,10.193,-1.756,-0.038,-12.511,10.176,-11.985
44359,10.26,-1.341,0.187,-9.901,15.397,-15.901
44409,10.253,-1.023,0.525,-8.855,18.947,-17.626
44460,10.181,-0.527,1.095,-10.382,19.542,-16.305
44510,10.193,-0.16,1.521,-14.718,17.382,-12.366
44559,10.141,0.101,1.99,-21.168,12.534,-6.496
44609,10.152,0.177,2.1,-29.557,5.832,0.496
44659,10.09,0.153,2.23,-38.328,-2.267,7.328
44709,10.006,-0.165,1.918,-46.023,-9.985,12.916
44760,9.968,-0.501,1.494,-52.313,-15.939,15.977
44810,9.958,-0.936,0.948,-55.359,-18.664,16.588
44859,9.944,-1.279,0.314,-55.695,-17.847,15.076
44909,9.913,-1.521,-0.057,-52.763,-13.679,12.153
44959,9.844,-1.542,-0.448,-47.611,-7.313,8.87
45009,9.935,-1.545,-0.491,-41.084,-0.122,6.382
45060,9.846,-1.533,-0.331,-34.443,6.137,4.832
45110,9.86,-1.483,0.084,-28.527,10.565,4.137
45159,9.793,-1.408,0.46,-24.924,11.962,4.099
45209,9.815,-1.475,0.865,-22.947,10.733,3.725
45259,9.858,-1.461,1.19,-22.916,6.893,3.275
45309,9.875,-1.542,1.332,-22.947,1.443,2.656
45360,9.968,-1.559,1.305,-23.076,-4.168,1.511
45410,9.997,-1.609,0.968,-21.817,-8.58,-0.008
45460,9.994,-1.617,0.467,-18.695,-10.29,-1.847
45510,10.069,-1.662,-0.093,-13.374,-8.695,-3.954
45560,10.03,-1.626,-0.431,-6.42,-3.145,-6.267
45611,10.081,-1.693,-0.702,1.893,4.664,-8.45
45661,10.143,-1.559,-0.666,10.214,13.122,-10.641
45710,10.083,-1.408,-0.371,16.565,20.664,-12.557
45760,9.999,-1.269,0.144,20.718,25.366,-13.527
45810,9.963,-1.049,0.879,21.542,26.794,-14.069
45860,10.042,-0.869,1.494,18.275,23.878,-13.45
45911,9.954,-0.625,2.079,11.473,17.779,-11.527
45961,10.016,-0.503,2.35,2.939,9.328,-8.473
46010,9.98,-0.383,2.297,-5.954,0.366,-4.908
46060,10.028,-0.522,2.024,-14.458,-7.496,-1.847
46110,10.03,-0.57,1.487,-20.595,-12.84,0.626
46160,10.028,-0.716,0.841,-24.595,-14.206,2.015
46211,9.935,-0.814,0.445,-25.855,-11.748,2.229
46261,9.999,-0.968,-0.019,-25.214,-6.641,2.13
46310,10.047,-0.946,-0.06,-22.954,0.107,2.061
46360,10.042,-0.92,0.038,-20.389,6.206,2.511
46410,9.947,-0.838,0.465,-18.802,10.565,3.931
46460,10.023,-0.841,0.786,-18.664,12.153,5.634
46511,10.066,-0.968,1.372,-20.969,10.687,7.557
46561,10.035,-1.051,1.614,-25.244,6.298,8.924
46610,10.117,-1.166,1.868,-30.244,-0.328,9.084
46660,10.15,-1.418,1.796,-35.069,-8.069,7.985
46710,10.191,-1.492,1.396,-38.282,-14.84,5.916
46760,10.131,-1.533,0.975,-38.992,-19.366,3.382
46811,10.088,-1.49,0.331,-36.611,-20.473,0.687
46860,10.066,-1.542,-0.242,-31.244,-17.534,-1.489
46911,10.081,-1.389,-0.654,-23.176,-10.626,-2.481
46963,10.097,-1.403,-0.946,-12.542,-0.931,-2.786
47015,10.004,-1.286,-0.869,-1.985,9.031,-2.939
47066,9.961,-1.312,-0.584,7.13,17.031,-2.84
47116,9.884,-1.265,0.005,13.802,22.58,-3.061
47166,9.856,-1.375,0.565,16.977,24.16,-3.809
47216,9.824,-1.298,1.253,16.282,21.985,-4.473
47266,9.786,-1.25,1.83,12.26,16.702,-5.282
47316,9.812,-1.221,2.055,6.008,9.336,-5.794
47367,9.836,-1.154,2.122,-1.26,1.023,-5.954
47416,9.858,-1.083,1.772,-7.389,-5.962,-6.015
47466,9.788,-1.059,1.308,-12.573,-10.42,-5.71
47516,9.882,-1.013,0.8,-15.397,-11.473,-5.206
47566,9.867,-0.958,0.304,-16.176,-8.794,-4.634
47617,9.961,-0.994,0.06,-14.855,-3.55,-3.809
47667,9.947,-0.889,-0.144,-12.603,2.885,-2.603
47716,10.035,-0.819,0.067,-10.557,8.687,-1.229
47766,10.119,-0.843,0.505,-9.634,12.725,0.435
47816,10.16,-0.843,0.987,-10.679,13.473,2.122
47866,10.138,-0.951,1.456,-13.763,10.985,3.267
47917,10.22,-1.097,1.732,-18.489,5.443,3.939
47967,10.174,-1.159,1.906,-23.687,-2.069,3.336
48016,10.179,-1.238,1.835,-28.336,-9.565,1.977
48066,10.22,-1.281,1.514,-30.893,-15.947,-0.206
48116,10.129,-1.262,0.831,-30.977,-19.565,-1.832
48166,10.162,-1.092,0.201,-28.153,-19.275,-3.031
48217,10.071,-1.054,-0.383,-21.939,-14.893,-2.725
48267,10.05,-0.836,-0.81,-13.649,-7.046,-1.504
48316,10.097,-0.85,-1.044,-3.832,2.031,0.496
48366,9.99,-0.874,-0.766,6.099,11.374,2.756
48416,9.887,-0.97,-0.436,14.733,18.603,4.595
48466,9.812,-1.095,0.05,20.71,23.061,5.42
48517,9.769,-1.265,0.788,22.794,23.939,5.298
48567,9.817,-1.418,1.365,21.191,21.435,4.595
48617,9.865,-1.473,1.885,16.153,15.351,3.015
48667,9.884,-1.526,2.088,9.374,7.817,0.954
48717,9.99,-1.461,2.029,2.023,-0.382,-0.893
48768,9.884,-1.492,1.835,-4.481,-6.969,-2.588
48818,9.975,-1.459,1.265,-9.366,-10.832,-3.863
48867,10.033,-1.32,0.769,-12.519,-10.748,-4.405
48917,10.114,-1.284,0.381,-13.817,-7.313,-4.779
48967,10.157,-1.209,0.134,-13.702,-1.71,-4.809
49017,10.198,-1.226,0.041,-13.206,4.519,-4.626
49068,10.164,-1.145,0.388,-13.221,9.725,-4.107
49118,10.057,-1.138,0.867,-14.672,12.282,-3.893
49167,10.09,-1.145,1.296,-17.939,11.519,-3.511
49217,10.076,-1.164,1.71,-23.573,7.649,-3.389
49267,10.006,-1.209,1.959,-30.267,1.176,-3.542
49317,10.03,-1.334,2.055,-37.092,-6.603,-4.435
49368,9.966,-1.284,1.763,-42.87,-14.115,-6.069
49418,9.913,-1.31,1.468,-46.519,-20.183,-8.427
49467,9.832,-1.049,0.975,-47.275,-23.305,-10.168
49517,9.937,-0.85,0.268,-44.809,-23.176,-11.076
49567,9.92,-0.611,-0.352,-38.397,-19.443,-10.282
49617,9.927,-0.333,-0.754,-29.458,-12.672,-7.58
49668,9.827,-0.115,-0.927,-18.397,-4.527,-2.908
49718,9.865,-0.151,-0.984,-6.382,4.137,2.542
49767,9.784,-0.242,-0.707,4.84,11.496,7.511
49817,9.858,-0.527,-0.345,14.298,17.031,11.534
49867,9.844,-0.881,0.194,21.069,19.748,13.366
49917,9.901,-1.092,0.675,24.939,19.687,13.115
49968,9.901,-1.435,1.253,26.176,16.588,10.832
50018,10.016,-1.66,1.447,25.611,11.115,7.603
50068,10.05,-1.612,1.502,23.977,5.198,4.076
50118,10.102,-1.483,1.241,22.664,0.282,1.45
50168,10.191,-1.425,0.824,21.855,-1.947,-0.397
50219,10.176,-1.238,0.357,21.901,-0.748,-1.107
50269,10.265,-1.162,0.16,22.168,4.023,-1.038
50318,10.222,-1.169,0.0,22.656,10.023,-0.382
50368,10.205,-1.265,0.228,22.191,16.466,-0.015
50418,10.167,-1.312,0.695,20.038,20.924,-0.298
50468,10.109,-1.334,1.344,14.756,21.542,-1.244
50519,10.042,-1.365,2.029,6.573,18.336,-2.084
50569,10.054,-1.329,2.517,-4.924,11.557,-3.015
50618,9.966,-1.394,2.781,-17.84,2.443,-3.817
50668,10.03,-1.332,2.829,-31.527,-7.962,-4.87
50718,9.879,-1.308,2.52,-43.71,-17.305,-6.42
50768,9.834,-1.291,1.993,-53.221,-24.603,-8.496
50819,9.844,-1.157,1.372,-59.122,-28.58,-10.695
50869,9.786,-0.992,0.627,-60.756,-28.618,-11.87
50918,9.786,-0.762,0.002,-58.473,-24.756,-11.878
50968,9.865,-0.601,-0.477,-52.634,-18.458,-9.947
51018,9.846,-0.402,-0.678,-44.473,-10.908,-6.534
51068,9.944,-0.376,-0.685,-35.137,-2.832,-2.137
51119,9.896,-0.474,-0.481,-25.725,3.366,2.313
51169,10.028,-0.604,-0.189,-17.26,7.802,5.962
51218,9.901,-0.901,0.218,-10.611,9.672,7.847
51268,10.018,-1.186,0.501,-5.779,9.504,7.718
51318,10.03,-1.399,0.829,-1.863,7.145,5.557
51368,10.138,-1.494,0.913,0.863,3.634,2.26
51419,10.129,-1.523,0.913,3.74,0.221,-1.405
51468,10.15,-1.344,0.599,6.519,-2.305,-4.206
51518,10.16,-1.118,0.357,10.275,-2.855,-5.695
51568,10.138,-0.956,-0.031,14.916,-0.84,-5.069
51618,10.1,-0.604,-0.208,19.939,3.908,-2.74
51668,10.126,-0.606,-0.275,25.344,10.466,0.962
51719,10.059,-0.568,-0.251,29.878,17.603,5.069
51768,10.018,-0.711,0.093,32.412,23.237,7.641
51818,9.887,-1.035,0.807,32.443,26.71,8.977
51868,9.961,-1.255,1.372,28.336,26.145,8.42
51918,9.918,-1.423,2.086,20.893,21.611,6.679
51969,9.913,-1.59,2.57,10.137,14.038,4.206
52019,9.92,-1.624,2.697,-1.855,4.176,1.206
52068,9.805,-1.602,2.704,-13.672,-5.511,-1.718
52118,9.753,-1.526,2.235,-24.176,-13.641,-4.214
52168,9.839,-1.392,1.528,-32.336,-18.656,-6.267
52218,9.858,-1.162,0.901,-36.962,-19.557,-6.893
52269,9.918,-1.013,0.369,-38.634,-16.786,-6.244
52319,9.97,-0.821,0.046,-37.405,-11.282,-3.87
52368,9.973,-0.826,-0.158,-34.489,-5.122,-1.107
52418,10.004,-0.812,-0.103,-30.74,0.939,1.779
52468,10.109,-1.039,0.259,-26.924,5.252,3.924
52569,10.085,-1.526,0.92,-23.298,5.947,4.084
52619,10.181,-1.712,1.183,-22.893,2.847,1.405
52668,10.124,-1.911,1.183,-23.008,-1.244,-2.42
52718,10.191,-1.808,1.054,-22.832,-5.336,-7.137
52768,10.16,-1.681,0.91,-21.618,-8.504,-11.275
52818,10.167,-1.329,0.529,-19.092,-9.939,-14.214
52869,10.179,-1.025,0.175,-14.527,-8.634,-15.382
52919,10.145,-0.685,-0.163,-9.084,-5.344,-13.534
52969,10.215,-0.309,-0.398,-2.557,0.092,-9.695
53019,10.093,-0.146,-0.419,4.244,6.702,-4.534
53069,10.109,-0.225,-0.311,10.656,13.435,1.328
53120,9.939,-0.402,0.041,15.473,18.947,6.374
53170,9.937,-0.649,0.52,17.863,22.16,9.611
53219,9.81,-1.004,1.023,16.878,22.634,10.519
53269,9.8,-1.389,1.574,13.053,19.618,9.443
53319,9.75,-1.645,1.964,6.519,14.145,6.756
53369,9.757,-1.705,2.179,-1.992,6.847,2.893
53420,9.81,-1.633,2.124,-10.718,-1.145,-0.901
53470,9.764,-1.597,1.916,-18.901,-7.55,-4.176
53519,9.822,-1.257,1.466,-25.008,-11.74,-5.954
53569,9.882,-0.98,1.015,-29.137,-12.725,-5.779
53619,9.911,-0.714,0.56,-31.16,-11.099,-3.763
53669,9.999,-0.577,0.172,-30.962,-7.015,-0.008
53720,9.949,-0.548,0.122,-29.626,-2.489,4.702
53770,10.028,-0.759,0.18,-27.282,1.863,8.763
53819,10.093,-1.092,0.402,-25.435,4.809,11.244
53869,10.109,-1.449,0.659,-24.092,5.931,11.779
53919,10.107,-1.863,0.903,-23.656,4.794,9.008
53969,10.114,-2.189,1.114,-23.58,1.832,3.817
54020,10.138,-2.287,1.198,-23.588,-1.947,-2.893
54070,10.179,-2.189,0.96,-22.832,-5.313,-9.977
54119,10.184,-1.847,0.776,-21.244,-7.626,-15.985
54169,10.229,-1.439,0.374,-17.947,-8.443,-19.664
54219,10.129,-0.922,0.132,-13.481,-6.656,-20.145
54269,10.148,-0.429,-0.125,-7.809,-3.252,-17.534
54320,10.145,-0.007,-0.34,-1.176,2.0,-11.977
54370,10.093,0.151,-0.364,5.756,8.137,-4.969
54420,9.958,0.057,-0.105,11.817,13.992,2.313
54470,9.93,-0.199,0.043,16.534,18.618,8.267
54520,9.863,-0.563,0.484,18.779,21.099,12.13
54571,9.817,-1.006,1.047,18.198,21.053,13.244
54621,9.884,-1.396,1.506,14.397,18.229,11.687
54670,9.884,-1.801,1.914,8.687,13.13,8.168
54720,9.858,-1.808,2.036,1.511,6.763,3.389
54770,9.987,-1.674,1.873,-6.305,0.244,-1.534
54820,10.004,-1.569,1.657,-13.405,-4.947,-5.153
54871,9.369,-1.447,0.58,-14.824,-6.534,-6.618
54921,8.948,-2.304,0.668,13.687,0.58,-18.382
54970,10.691,0.541,2.836,14.74,-14.573,-18.687
55020,14.595,-1.784,2.345,9.908,-12.603,-17.901
55070,14.471,-2.177,1.499,-69.473,-14.87,-36.718
55120,13.024,-0.886,0.278,-52.473,-16.939,-47.42
55171,12.416,-0.137,0.235,-35.122,-10.084,-38.321
55221,12.703,0.228,0.695,-34.565,-5.641,-28.16
55270,11.76,1.087,0.781,-37.809,-3.687,-13.679
55320,10.912,0.132,1.126,-35.252,-2.336,0.29
55370,9.606,0.101,1.209,-45.481,-3.435,12.855
55420,9.202,-0.331,1.382,-39.237,-7.397,27.649
55471,9.494,-0.383,1.818,-32.053,-12.992,31.672
55521,10.658,-0.489,2.912,-78.489,-30.237,31.962
55570,11.333,-1.195,0.929,-97.55,-41.588,21.954
55620,11.906,-0.766,1.396,-49.626,-47.733,13.74
55670,11.048,-0.572,0.208,-69.023,-45.542,6.573
55720,9.98,0.486,-0.536,-80.878,-32.046,7.321
55771,10.176,0.216,-0.084,-12.71,-26.244,17.695
55820,9.604,-0.704,-0.814,-30.656,-13.046,16.267
55870,8.78,0.659,0.604,-14.489,-4.924,22.061
55920,8.833,0.165,1.075,-26.122,-12.71,28.122
55970,7.69,0.127,-0.194,-71.603,-6.985,34.55
56020,7.164,0.208,-1.49,-67.214,5.053,33.496
56071,7.585,-0.833,0.175,-35.595,11.0,36.794
56120,7.484,-0.441,-1.38,-60.885,18.977,35.725
56170,7.417,-0.884,-1.195,-35.16,37.076,33.55
56220,6.67,-0.913,-0.513,-42.718,50.107,31.061
56270,6.294,-0.869,-0.606,-45.992,58.634,26.298
56321,6.469,-1.48,-0.034,-63.061,63.252,18.763
56371,6.431,-1.37,0.077,-49.916,66.519,12.794
56420,6.337,-1.377,0.582,-37.0,67.038,3.351
56470,6.771,-0.865,1.528,-51.015,60.511,-2.137
56520,7.542,-0.879,1.677,-59.977,47.275,-9.687
56570,7.573,-0.608,1.451,-77.779,36.824,-17.641
56621,8.399,-0.692,1.523,-94.992,30.725,-21.832
56671,7.772,0.445,0.913,-70.214,29.115,-24.374
56720,8.224,-0.855,1.411,-79.924,25.412,-24.137
56770,8.684,0.754,2.268,-65.183,16.679,-20.855
56820,8.857,-0.048,1.109,-76.931,9.519,-28.42
56870,9.949,0.031,0.867,-28.863,19.023,-26.908
56921,10.392,2.115,1.19,-21.42,13.725,-18.847
56971,11.721,0.196,1.77,-45.733,10.611,-9.16
57020,15.259,-0.39,2.706,-32.42,-5.527,-8.336
57070,13.565,-0.539,1.803,-69.641,-12.908,-22.328
57120,12.909,0.263,-0.671,-27.267,-9.496,-30.099
57170,13.791,1.116,-0.266,-17.504,8.366,-13.0
57221,12.828,-0.826,0.259,-10.74,11.519,-11.786
57271,11.989,-0.081,2.285,-1.687,5.588,-13.267
57321,11.963,0.637,1.463,-24.702,-9.893,-8.748
57371,11.879,-0.067,1.887,-58.107,-17.42,-4.794
57421,12.179,-0.577,0.572,-61.947,-20.71,-13.038
57472,10.495,0.036,0.041,-48.962,-14.153,-14.924
57524,9.657,0.584,0.096,-17.397,-8.107,-7.176
57572,10.591,0.237,0.608,-14.527,-3.87,0.71
57622,10.564,-0.115,1.358,-25.321,-7.115,4.794
57672,10.974,-0.089,0.96,-43.931,-8.321,4.87
57722,10.303,-0.479,0.891,-34.672,-7.489,4.374
57773,12.744,-0.867,0.922,-3.908,-5.412,0.252
57823,9.908,0.295,0.663,-5.786,-6.023,-5.221
57872,9.994,0.378,0.75,-2.824,-4.405,-0.427
57922,10.258,-0.307,0.563,-3.817,-3.618,-0.176
57972,9.975,-0.153,0.527,-2.794,-1.221,-0.473
58022,9.889,0.129,0.393,-4.672,1.221,-0.466
58073,10.141,-0.52,0.45,-3.191,2.748,-1.382
58123,10.152,0.23,1.574,-3.16,1.405,-1.221
58172,10.097,-0.024,0.522,-4.954,-2.443,-2.229
58222,10.129,-0.146,0.853,-5.053,-2.771,0.74
58272,9.798,0.038,0.719,-3.137,-0.252,-1.107
58322,10.272,-0.374,1.181,-4.038,-6.015,1.29
58373,9.753,0.92,-3.181,-27.122,3.634,3.641
58423,10.042,-0.611,1.432,15.504,8.458,-2.023
58473,10.009,-0.268,1.959,-5.71,2.16,2.55
58523,9.731,-0.24,0.177,-3.679,-5.588,3.992
58573,10.054,-0.474,0.261,-3.29,-2.557,1.321
58624,9.834,-0.177,0.541,-4.046,0.305,-0.84
58674,10.375,-0.417,0.608,0.672,0.298,0.015
58723,9.103,-0.443,0.845,-6.466,0.267,-1.45
58773,9.343,0.168,0.663,-4.84,-2.733,-8.244
58823,10.392,0.984,0.35,2.756,3.71,3.634
58873,10.133,-0.86,0.977,-8.771,-0.939,2.221
58924,10.909,-1.636,1.13,-6.038,4.198,-7.84
58974,10.181,0.448,0.235,-2.672,11.603,-8.214
59023,10.073,0.618,1.128,-4.053,10.031,-5.382
59073,9.99,-0.074,1.593,-3.481,7.023,-1.473
59123,10.011,-0.129,1.574,-3.198,-1.13,-2.763
59173,10.042,0.23,1.2,-3.351,-5.985,0.122
59224,10.109,-0.287,0.357,-3.107,-5.321,1.275
59274,10.004,0.046,0.417,-3.16,-2.534,1.076
59323,10.095,-0.489,0.242,-3.153,0.87,1.26
59373,10.129,-0.038,0.489,-3.489,4.649,-1.458
59423,10.061,0.098,0.941,-3.313,4.137,1.626
59473,10.042,-0.11,0.987,-3.298,1.229,1.489
59524,10.105,-0.259,0.695,-3.13,1.046,2.092
59574,10.105,-0.23,0.869,-3.374,1.344,1.687
59623,10.133,-0.412,0.833,-3.214,0.954,0.313
59673,10.1,-0.225,0.675,-3.321,1.489,-0.397
59723,10.088,-0.283,0.687,-3.405,1.382,-0.58
59773,10.04,-0.187,1.109,-3.237,1.122,-0.687
59824,10.222,-0.184,0.117,-3.359,2.053,-2.534
59874,10.073,0.026,1.521,-3.16,4.153,1.435
59924,10.129,-0.618,0.453,-3.672,-0.168,0.031
59974,10.069,-0.189,0.793,-3.305,2.855,-1.939
60024,10.1,-0.034,1.073,-3.229,0.351,-0.13
60075,10.081,-0.532,0.635,-3.344,0.359,-1.061
60125,10.088,-0.194,0.838,-3.42,1.397,-1.573
60174,10.066,-0.177,0.896,-3.405,0.435,-0.443
60224,10.107,-0.328,0.754,-3.305,0.885,-1.092
60274,10.006,-0.261,0.932,-3.427,0.626,-1.122
60324,10.129,-0.256,0.798,-3.374,0.427,-0.733
60375,10.011,-0.342,0.774,-3.328,1.023,-1.031
60425,10.052,-0.235,0.845,-3.145,0.573,-0.954
60474,10.083,-0.29,0.824,-3.275,0.603,-0.939
60524,10.145,-0.235,0.886,-3.313,0.908,-0.84
60574,10.076,-0.22,0.781,-3.374,0.588,-0.992
60624,10.038,-0.194,0.798,-3.153,0.733,-0.985
60675,10.064,-0.247,0.838,-3.351,0.733,-0.992
60725,10.148,-0.323,0.74,-3.313,0.595,-0.939
60774,10.045,-0.266,0.802,-3.397,0.557,-1.031
60824,10.133,-0.249,0.778,-3.366,0.664,-0.794
60874,9.954,-0.342,0.908,-3.092,0.824,-0.962
60924,10.136,-0.24,0.802,-3.496,0.863,-0.992
60975,10.033,-0.283,0.819,-3.374,0.664,-0.924
61025,10.133,-0.244,0.783,-3.252,0.618,-0.847
61074,10.076,-0.268,0.702,-3.206,0.786,-1.015
61124,10.198,-0.266,0.821,-3.145,0.733,-0.863
61174,10.117,-0.228,0.843,-3.198,0.687,-1.008
61224,10.164,-0.244,0.901,-3.382,0.687,-1.107
61275,10.155,-0.278,0.819,-3.244,0.687,-0.878
61324,10.15,-0.232,0.865,-3.336,0.794,-1.053
61374,10.035,-0.275,0.821,-3.435,0.893,-0.969
61424,10.069,-0.299,0.8,-3.298,0.664,-1.046
61474,10.059,-0.24,0.819,-3.344,0.885,-1.115
61524,10.15,-0.211,0.841,-3.458,0.969,-1.023
61575,10.066,-0.22,0.831,-3.542,0.908,-1.092
61624,10.191,-0.266,0.833,-3.282,0.672,-0.74
61674,10.141,-0.259,0.869,-3.435,0.786,-0.939
61724,10.133,-0.244,0.798,-3.344,0.595,-0.847
61774,10.088,-0.261,0.807,-3.313,0.855,-1.015
61825,10.042,-0.338,0.824,-3.244,0.74,-0.939
61875,10.081,-0.254,0.79,-3.206,0.771,-0.87
61924,10.052,-0.268,0.829,-3.443,0.687,-0.924
61974,10.131,-0.261,0.886,-3.275,0.733,-0.939
62024,10.126,-0.216,0.829,-3.176,0.756,-1.053
62074,10.04,-0.259,0.786,-3.328,0.855,-1.053
62125,10.09,-0.175,0.831,-3.198,0.779,-0.855
62175,10.064,-0.261,0.898,-3.382,0.756,-0.885
62224,10.1,-0.29,0.85,-3.267,0.855,-1.023
62274,10.124,-0.237,0.762,-3.321,0.679,-0.931
62324,9.999,-0.266,0.793,-3.389,0.832,-0.954
62374,10.026,-0.266,0.81,-3.435,0.878,-1.069
62425,10.085,-0.297,0.781,-3.336,0.885,-1.053
62475,10.038,-0.297,0.889,-3.405,0.84,-1.13
62524,10.081,-0.261,0.802,-3.374,0.802,-0.947
62574,10.03,-0.268,0.833,-3.321,0.656,-1.053
62624,10.064,-0.223,0.891,-3.29,0.847,-1.023
62674,10.09,-0.249,0.812,-3.29,0.824,-0.985
62725,10.078,-0.266,0.786,-3.328,0.71,-0.885
62775,10.088,-0.18,0.853,-3.282,0.542,-0.947
62825,10.073,-0.189,0.8,-3.122,0.794,-0.863
62875,10.152,-0.175,0.831,-3.267,0.595,-0.969
62925,10.057,-0.283,0.733,-3.321,0.779,-0.916
62976,10.172,-0.273,0.862,-3.26,0.763,-0.962
63026,10.052,-0.213,0.886,-3.313,0.641,-0.992
63075,10.121,-0.28,0.838,-3.405,0.893,-1.0
63125,9.97,-0.326,0.819,-3.267,0.725,-0.863
63175,10.047,-0.242,0.843,-3.214,0.702,-0.779
63225,10.073,-0.273,0.848,-3.374,0.756,-0.977
63276,10.152,-0.292,0.889,-3.26,0.748,-1.038
63326,10.018,-0.251,0.814,-3.382,0.748,-1.031
63375,10.157,-0.216,0.795,-3.206,0.763,-1.061
63425,10.061,-0.22,0.776,-3.374,0.74,-0.863
63475,10.141,-0.299,0.893,-3.344,0.794,-0.908
63525,10.057,-0.278,0.845,-3.496,0.58,-0.794
63576,10.179,-0.22,0.826,-3.298,0.763,-0.954
63626,10.04,-0.259,0.843,-3.275,0.74,-0.863
63675,10.042,-0.321,0.843,-3.183,0.733,-0.985
63725,10.004,-0.237,0.814,-3.435,0.557,-1.061
63775,10.129,-0.273,0.905,-3.405,0.885,-0.832
63825,10.069,-0.29,0.853,-3.244,0.901,-0.992
63876,9.832,-0.182,0.769,-3.115,0.603,-0.817
63926,10.174,-0.29,0.788,-3.336,0.618,-0.893
63975,10.107,-0.28,0.865,-3.275,0.863,-0.832
64025,10.035,-0.247,0.814,-3.267,0.718,-1.13
64075,10.121,-0.402,0.927,-3.267,-0.076,-1.382
64125,10.09,-0.041,0.594,-3.405,0.786,-1.809
64176,10.064,-0.165,0.886,-3.374,0.58,0.565
64226,9.999,-0.378,0.656,-3.221,0.931,-0.374
64276,6.958,-1.027,1.174,-4.519,-0.542,-1.985
64326,10.088,0.175,0.424,-3.137,2.053,-1.634
64376,10.157,-0.441,1.011,-3.023,0.779,1.076
64427,10.174,-0.774,0.85,-3.153,0.573,-2.107
64477,10.066,0.18,1.061,-3.092,-0.832,-1.947
64526,10.105,-0.228,0.345,-3.374,1.145,0.267
64576,10.071,-0.354,1.176,-3.389,1.901,-0.496
64626,10.023,-0.393,0.769,-3.282,-0.282,-1.366
64676,10.15,-0.11,0.73,-3.466,1.443,-1.824
64727,10.078,-0.256,0.953,-3.359,0.603,-0.427
64777,10.088,-0.381,0.769,-3.466,0.817,-1.183
64826,10.026,-0.115,0.857,-3.275,0.489,-0.985
64876,10.164,-0.182,0.874,-3.389,1.191,-0.527
64926,10.093,-0.472,0.867,-3.221,0.145,-0.618
64976,10.073,-0.132,0.814,-3.206,0.473,-0.931
65027,10.081,-0.192,0.716,-3.336,1.023,-1.168
65077,10.105,-0.278,0.951,-3.366,0.87,-0.229
65126,10.057,-0.254,0.802,-3.237,0.779,-0.931
65176,10.097,-0.283,1.006,-3.252,0.29,-0.588
65226,10.042,-0.189,0.635,-3.427,-0.412,-0.969
65276,10.152,-0.393,0.666,-3.221,0.748,-1.26
65327,10.095,-0.213,0.843,-3.397,1.008,-1.267
65377,10.129,-0.247,0.79,-3.298,1.29,-1.0
65426,9.97,-0.386,1.015,-3.282,1.145,-0.519
65476,10.064,-0.187,1.104,-3.496,0.023,0.153
65526,10.052,-0.323,0.85,-3.214,2.511,-1.115
65576,10.093,-0.091,0.977,-3.42,0.275,-0.214
65627,10.028,-0.429,0.848,-3.641,0.809,-0.527
65676,10.047,-0.283,0.817,-3.168,1.618,-1.061
65726,10.109,-0.299,0.941,-3.389,1.344,-1.16
65776,10.109,-0.189,0.941,-3.366,1.0,-0.557
65826,10.09,-0.275,0.757,-3.115,0.924,-1.344
65876,10.081,-0.354,0.915,-3.611,0.527,-1.115
65927,10.196,-0.242,0.776,-3.366,0.527,-0.863
65976,10.054,-0.302,0.639,-3.344,1.176,-0.87
66026,10.081,-0.268,0.884,-3.397,1.397,-0.664
66076,10.071,-0.194,0.771,-3.458,1.527,-0.473
66126,9.841,-0.057,1.581,-3.618,-0.397,-0.206
66177,10.109,-0.393,0.62,-3.336,0.473,-0.687
66227,10.028,-0.45,0.527,-3.191,0.198,-1.626
66276,10.109,-0.333,0.8,-3.267,0.389,-1.954
66326,10.117,-0.321,0.558,-3.412,1.641,-1.756
66376,10.057,-0.12,0.848,-3.473,1.969,-1.672
66426,10.028,-0.108,0.934,-3.481,0.237,-0.74
66477,10.076,-0.268,0.898,-3.267,-0.015,-0.084
66527,10.097,-0.323,0.958,-3.359,-0.382,0.046
66576,10.107,-0.441,0.544,-3.183,-0.031,-0.977
66626,10.016,-0.201,0.898,-3.321,1.176,-1.489
66676,10.081,-0.29,0.776,-3.267,0.313,-0.679
66726,10.093,-0.283,0.798,-3.336,1.176,-1.374
66777,10.011,-0.323,0.913,-3.443,0.527,-1.397
66827,10.033,-0.24,0.884,-3.321,0.786,-1.313
66876,10.095,-0.172,0.824,-3.221,-0.031,-0.412
66926,10.114,-0.175,0.841,-3.321,0.878,-1.122
66976,10.073,-0.247,0.821,-3.313,0.473,-0.595
67026,10.033,-0.331,0.802,-3.328,1.153,-1.168
67077,10.069,-0.244,0.941,-3.282,0.489,-0.908
67127,10.102,-0.354,0.793,-3.313,0.427,-0.832
67177,10.04,-0.165,0.972,-3.267,0.611,-0.824
67227,10.03,-0.23,0.594,-3.176,0.954,-1.252
67277,10.054,-0.285,0.853,-3.252,0.168,-0.679
67328,10.131,-0.228,0.929,-3.252,1.107,-0.534
67378,10.028,-0.304,0.73,-3.275,0.725,-0.45
67427,10.129,-0.232,0.795,-3.344,1.275,-0.672
67477,10.112,-0.283,0.831,-3.252,0.649,-0.435
67527,10.148,-0.242,0.946,-3.489,0.763,-0.382
67577,10.057,-0.477,0.771,-3.374,0.885,-0.695
67628,10.088,-0.285,0.757,-3.389,0.038,-0.557
67678,10.083,-0.256,1.121,-3.328,0.466,-0.809
67727,10.124,-0.467,0.522,-3.267,0.198,-0.87
67777,10.073,-0.316,0.654,-3.496,2.405,-1.672
67827,10.028,0.148,1.059,-3.634,2.916,-1.809
67877,10.026,-0.381,0.683,-3.267,1.794,-1.473
67928,10.04,-0.283,0.968,-3.237,-0.16,-0.015
67978,10.129,-0.539,1.803,-2.947,-0.374,-0.466
68027,10.097,-0.304,1.245,-3.206,1.244,-1.901
68077,10.088,-0.29,0.901,-3.382,-0.588,-1.29
68127,10.119,-0.18,0.747,-3.328,0.527,-1.679
68177,10.114,-0.192,0.798,-3.481,-0.137,-0.74
68228,10.193,-0.23,0.932,-3.282,1.916,-1.023
68278,10.083,-0.283,0.757,-3.366,0.817,-0.687
68327,10.066,-0.345,0.939,-3.42,1.305,-0.847
68377,10.035,-0.386,0.764,-3.359,0.679,-1.489
68427,10.042,-0.223,0.891,-3.321,0.74,-1.206
68477,10.028,-0.309,0.81,-3.397,0.45,-0.924
68528,10.014,-0.273,0.948,-3.328,0.489,-1.221
68578,10.085,-0.28,0.879,-3.221,0.168,-0.809
68628,10.126,-0.316,0.759,-3.305,0.664,-1.076
68678,10.047,-0.266,0.877,-3.359,0.588,-1.206
68728,10.095,-0.297,0.848,-3.252,0.313,-1.16
68779,10.021,-0.302,0.833,-3.336,0.611,-1.725
68829,10.105,-0.156,0.838,-3.221,0.084,-1.504
68878,10.085,-0.225,0.872,-3.275,0.87,-1.046
68928,10.047,-0.187,0.781,-3.237,0.55,-0.756
68978,10.095,-0.668,0.903,-2.084,1.008,-0.42
69028,9.985,-0.223,0.606,-3.031,1.328,-0.832
69079,9.98,-0.259,0.891,-3.42,0.641,-0.618
69129,10.107,-0.201,0.668,-2.847,1.771,-1.031
69178,10.129,-0.165,0.893,-3.214,0.489,-0.794
69228,10.148,-0.228,0.709,-3.321,1.183,-1.275
69278,10.05,-0.187,0.913,-3.252,0.481,-0.962
69328,10.109,-0.216,0.702,-3.198,0.55,-0.626
69379,10.114,0.086,0.469,-3.168,0.832,0.237
69429,10.097,-0.242,0.891,-3.16,2.496,-0.092
69478,10.054,-0.254,1.018,-3.427,1.527,0.534
69528,10.083,-0.374,1.075,-3.168,0.649,-0.076
69578,10.052,-0.266,0.869,-3.351,0.031,-0.542
69628,10.09,-0.501,0.678,-3.366,0.42,-1.412
69679,9.973,0.4,0.891,-3.634,0.794,-2.13
69729,10.03,-0.163,0.709,-3.382,0.099,-0.832
69778,10.081,-0.115,1.214,-3.244,1.374,-0.916
69828,10.181,-0.551,-1.25,-1.389,-0.275,0.076
69878,10.095,-0.017,1.02,-3.336,1.076,-0.45
69928,10.093,-0.63,0.522,-3.267,-0.221,-0.534
69979,10.105,-0.201,1.114,-3.336,2.344,-1.664
70028,10.095,-0.342,0.613,-3.206,0.252,-1.015
70078,10.018,-0.251,1.104,-3.321,0.634,-1.038
70128,10.057,-0.589,0.608,-3.176,0.718,-0.916
70178,9.987,-0.275,0.98,-3.29,0.832,-1.183
70228,10.021,-0.206,0.946,-3.466,0.542,-0.282
70279,10.033,-0.39,0.764,-3.313,0.611,-0.641
70328,10.119,-0.402,0.719,-3.405,0.939,-1.031
70378,10.1,-0.335,0.833,-3.45,0.557,-1.145
70428,10.109,-0.081,0.845,-3.282,0.931,-0.71
70478,10.093,-0.287,0.98,-3.183,0.45,-0.221
70529,10.073,-0.357,0.872,-3.16,0.298,-0.359
70579,10.05,-0.429,0.829,-3.275,0.382,-1.405
70628,10.04,-0.28,0.845,-3.244,1.122,-1.924
70678,10.035,-0.422,0.656,-3.328,0.244,-1.374
70728,10.109,-0.314,0.932,-3.145,0.305,-1.359
70778,10.083,-0.316,0.599,-3.176,0.679,-1.061
70829,10.093,-0.297,0.857,-3.16,0.931,-0.847
70879,10.069,-0.398,0.711,-3.26,0.473,-0.252
70928,10.081,-0.326,1.018,-3.336,0.824,-1.107
